(183, 157)
(186, 174)
(190, 191)
(195, 208)
(200, 224)
(208, 239)
(221, 251)
(239, 259)
(259, 261)
(278, 256)
(294, 246)
(305, 234)
(312, 217)
(315, 200)
(318, 182)
(321, 164)
(321, 146)
(192, 135)
(198, 125)
(209, 121)
(221, 122)
(231, 127)
(258, 123)
(269, 117)
(282, 115)
(295, 118)
(304, 127)
(247, 142)
(248, 154)
(248, 167)
(248, 180)
(238, 190)
(244, 193)
(251, 194)
(258, 191)
(264, 188)
(206, 151)
(212, 145)
(221, 145)
(230, 150)
(222, 153)
(213, 154)
(267, 147)
(275, 141)
(283, 140)
(290, 144)
(284, 148)
(276, 149)
(231, 217)
(241, 212)
(248, 208)
(254, 209)
(260, 207)
(268, 208)
(279, 211)
(270, 218)
(262, 221)
(256, 223)
(250, 223)
(242, 222)
(235, 217)
(249, 214)
(254, 213)
(261, 212)
(275, 212)
(261, 213)
(255, 214)
(249, 214)
