(183, 157)
(185, 175)
(190, 191)
(195, 208)
(199, 224)
(208, 239)
(221, 251)
(239, 259)
(259, 261)
(278, 256)
(293, 246)
(305, 234)
(311, 218)
(314, 200)
(317, 182)
(320, 164)
(320, 146)
(192, 135)
(198, 124)
(209, 121)
(221, 121)
(231, 126)
(257, 123)
(269, 117)
(282, 115)
(295, 118)
(304, 127)
(247, 142)
(247, 154)
(248, 167)
(248, 180)
(238, 190)
(244, 193)
(251, 194)
(257, 191)
(264, 188)
(206, 151)
(213, 145)
(221, 145)
(230, 150)
(222, 153)
(213, 154)
(267, 147)
(275, 141)
(283, 140)
(290, 144)
(284, 148)
(276, 149)
(232, 217)
(241, 211)
(248, 208)
(254, 209)
(260, 207)
(269, 208)
(279, 212)
(270, 218)
(262, 221)
(256, 223)
(250, 223)
(242, 222)
(236, 216)
(249, 213)
(254, 213)
(261, 212)
(275, 212)
(261, 213)
(255, 214)
(249, 214)
