(183, 157)
(185, 174)
(189, 191)
(194, 208)
(199, 224)
(208, 239)
(221, 250)
(238, 259)
(258, 260)
(278, 256)
(293, 246)
(305, 234)
(311, 218)
(314, 201)
(317, 183)
(320, 165)
(320, 147)
(192, 135)
(198, 125)
(209, 121)
(221, 121)
(231, 126)
(257, 123)
(269, 117)
(282, 115)
(295, 118)
(304, 127)
(247, 142)
(247, 155)
(247, 167)
(248, 179)
(238, 190)
(244, 193)
(250, 194)
(257, 191)
(264, 188)
(206, 151)
(213, 145)
(221, 145)
(230, 150)
(222, 153)
(213, 154)
(267, 148)
(275, 141)
(283, 140)
(291, 145)
(284, 148)
(276, 149)
(231, 217)
(241, 212)
(248, 208)
(254, 209)
(260, 207)
(268, 208)
(279, 212)
(270, 218)
(262, 221)
(255, 223)
(249, 223)
(242, 222)
(235, 217)
(248, 213)
(254, 213)
(260, 212)
(275, 212)
(261, 213)
(255, 214)
(249, 215)
