(183, 156)
(185, 174)
(190, 191)
(195, 208)
(200, 224)
(208, 239)
(221, 251)
(239, 259)
(259, 261)
(278, 256)
(293, 246)
(305, 234)
(311, 218)
(314, 201)
(317, 183)
(320, 166)
(320, 147)
(192, 135)
(198, 125)
(209, 121)
(220, 121)
(231, 126)
(257, 122)
(269, 116)
(282, 115)
(295, 118)
(304, 127)
(247, 142)
(247, 154)
(248, 167)
(248, 180)
(238, 190)
(244, 193)
(250, 194)
(258, 191)
(264, 188)
(206, 151)
(212, 145)
(221, 146)
(230, 151)
(222, 154)
(213, 154)
(267, 148)
(275, 141)
(283, 140)
(290, 145)
(284, 148)
(276, 149)
(231, 217)
(241, 212)
(248, 208)
(254, 209)
(260, 207)
(269, 208)
(279, 212)
(270, 218)
(262, 221)
(256, 223)
(249, 223)
(242, 222)
(235, 217)
(249, 214)
(254, 214)
(261, 212)
(275, 212)
(261, 213)
(255, 214)
(249, 215)
