(183, 157)
(185, 175)
(190, 192)
(195, 209)
(200, 225)
(209, 240)
(222, 252)
(240, 260)
(260, 261)
(279, 256)
(294, 246)
(306, 233)
(312, 217)
(315, 199)
(317, 182)
(320, 164)
(320, 145)
(192, 135)
(198, 125)
(209, 121)
(221, 122)
(231, 127)
(257, 123)
(268, 117)
(281, 115)
(294, 117)
(303, 126)
(247, 142)
(248, 155)
(248, 167)
(248, 180)
(238, 191)
(244, 193)
(251, 195)
(258, 192)
(264, 188)
(206, 151)
(213, 146)
(221, 146)
(230, 150)
(222, 153)
(213, 154)
(267, 148)
(275, 141)
(283, 141)
(290, 144)
(284, 148)
(276, 149)
(231, 217)
(241, 212)
(248, 208)
(254, 209)
(260, 207)
(269, 209)
(279, 212)
(270, 218)
(263, 222)
(256, 223)
(250, 223)
(242, 222)
(235, 217)
(249, 214)
(255, 213)
(261, 212)
(275, 212)
(261, 213)
(255, 215)
(249, 215)
