(182, 155)
(184, 173)
(189, 191)
(194, 208)
(200, 224)
(209, 240)
(222, 251)
(240, 259)
(260, 260)
(279, 255)
(294, 245)
(306, 233)
(312, 216)
(315, 199)
(318, 181)
(320, 163)
(320, 145)
(194, 134)
(200, 125)
(211, 121)
(222, 122)
(232, 126)
(258, 123)
(269, 117)
(282, 115)
(294, 118)
(302, 126)
(248, 142)
(248, 155)
(248, 167)
(249, 180)
(238, 190)
(244, 193)
(251, 194)
(258, 191)
(265, 188)
(208, 153)
(215, 150)
(222, 149)
(231, 151)
(223, 154)
(215, 155)
(267, 148)
(274, 145)
(282, 145)
(289, 146)
(283, 150)
(275, 150)
(232, 218)
(242, 212)
(249, 209)
(255, 209)
(261, 207)
(269, 209)
(279, 212)
(270, 218)
(263, 222)
(257, 223)
(250, 223)
(243, 222)
(236, 217)
(249, 214)
(255, 214)
(261, 212)
(274, 212)
(262, 213)
(255, 215)
(250, 215)
