(183, 154)
(185, 172)
(189, 189)
(194, 206)
(199, 223)
(208, 239)
(222, 251)
(240, 259)
(260, 261)
(279, 255)
(295, 245)
(307, 232)
(313, 215)
(316, 197)
(319, 179)
(321, 161)
(320, 142)
(195, 134)
(201, 124)
(211, 120)
(223, 121)
(233, 127)
(257, 124)
(269, 117)
(281, 115)
(294, 117)
(302, 126)
(248, 142)
(248, 154)
(249, 166)
(249, 178)
(239, 190)
(244, 192)
(251, 194)
(258, 191)
(264, 188)
(208, 154)
(215, 152)
(223, 152)
(232, 152)
(224, 155)
(216, 157)
(265, 149)
(273, 147)
(281, 147)
(289, 147)
(282, 151)
(274, 151)
(232, 217)
(242, 211)
(249, 208)
(254, 209)
(261, 207)
(269, 209)
(280, 212)
(271, 219)
(263, 223)
(257, 224)
(251, 224)
(243, 223)
(236, 217)
(250, 214)
(255, 214)
(262, 212)
(275, 212)
(262, 214)
(256, 215)
(250, 215)
