(182, 153)
(184, 171)
(189, 189)
(194, 206)
(200, 222)
(209, 238)
(222, 251)
(240, 260)
(260, 262)
(280, 256)
(295, 245)
(307, 232)
(313, 215)
(316, 197)
(318, 179)
(321, 161)
(320, 142)
(195, 132)
(201, 123)
(212, 120)
(223, 120)
(233, 125)
(257, 122)
(268, 116)
(281, 113)
(293, 116)
(301, 123)
(248, 141)
(249, 153)
(249, 165)
(249, 178)
(239, 189)
(245, 191)
(252, 193)
(259, 190)
(265, 187)
(209, 153)
(215, 152)
(223, 151)
(232, 150)
(224, 154)
(216, 156)
(267, 148)
(274, 147)
(282, 147)
(289, 147)
(282, 150)
(275, 150)
(233, 217)
(242, 211)
(249, 207)
(255, 208)
(261, 206)
(269, 208)
(279, 212)
(271, 221)
(264, 225)
(257, 227)
(251, 226)
(243, 224)
(237, 217)
(250, 214)
(255, 213)
(262, 212)
(275, 213)
(262, 216)
(256, 217)
(250, 217)
