(182, 154)
(184, 172)
(189, 190)
(194, 207)
(200, 224)
(209, 240)
(223, 252)
(240, 261)
(260, 263)
(279, 258)
(294, 247)
(306, 233)
(312, 216)
(315, 197)
(318, 180)
(321, 161)
(321, 143)
(195, 130)
(202, 122)
(212, 119)
(223, 119)
(233, 123)
(259, 120)
(270, 114)
(282, 113)
(293, 115)
(302, 122)
(249, 140)
(249, 152)
(249, 164)
(250, 176)
(240, 187)
(245, 190)
(252, 192)
(258, 189)
(265, 186)
(208, 151)
(215, 149)
(223, 148)
(231, 149)
(224, 152)
(216, 153)
(268, 146)
(275, 144)
(283, 144)
(290, 145)
(283, 148)
(276, 149)
(233, 218)
(242, 210)
(250, 206)
(255, 206)
(262, 205)
(271, 207)
(280, 213)
(273, 223)
(265, 229)
(257, 230)
(251, 230)
(243, 226)
(238, 217)
(250, 212)
(256, 212)
(263, 211)
(276, 213)
(263, 219)
(256, 220)
(250, 220)
