(182, 153)
(184, 171)
(189, 188)
(194, 206)
(200, 222)
(209, 239)
(222, 252)
(240, 260)
(260, 262)
(279, 258)
(295, 247)
(306, 233)
(312, 216)
(316, 197)
(319, 180)
(321, 162)
(321, 143)
(194, 128)
(201, 120)
(211, 116)
(222, 116)
(233, 121)
(259, 118)
(270, 112)
(283, 110)
(295, 113)
(303, 121)
(249, 138)
(249, 149)
(249, 161)
(250, 173)
(239, 185)
(245, 188)
(252, 190)
(259, 187)
(265, 184)
(208, 148)
(214, 145)
(222, 144)
(231, 146)
(223, 149)
(215, 150)
(269, 144)
(276, 140)
(283, 140)
(290, 142)
(284, 145)
(277, 145)
(233, 217)
(241, 207)
(249, 203)
(255, 204)
(262, 202)
(271, 205)
(281, 213)
(273, 224)
(265, 230)
(257, 231)
(250, 231)
(242, 227)
(237, 217)
(250, 210)
(256, 210)
(263, 208)
(277, 213)
(263, 220)
(256, 221)
(250, 221)
