(183, 153)
(185, 171)
(190, 188)
(195, 205)
(201, 221)
(210, 237)
(223, 250)
(240, 259)
(260, 261)
(279, 256)
(294, 246)
(306, 232)
(312, 215)
(315, 197)
(318, 179)
(321, 162)
(321, 143)
(194, 128)
(200, 118)
(211, 114)
(222, 115)
(232, 119)
(259, 115)
(271, 110)
(283, 109)
(295, 112)
(303, 120)
(249, 136)
(249, 147)
(249, 159)
(250, 170)
(240, 183)
(246, 186)
(252, 187)
(259, 185)
(265, 182)
(208, 146)
(215, 142)
(223, 141)
(231, 145)
(224, 147)
(215, 148)
(269, 142)
(276, 137)
(284, 137)
(291, 140)
(285, 143)
(277, 144)
(233, 215)
(241, 205)
(249, 201)
(255, 202)
(261, 200)
(271, 203)
(280, 211)
(273, 222)
(264, 228)
(257, 229)
(250, 228)
(242, 224)
(237, 215)
(249, 207)
(255, 207)
(262, 206)
(276, 211)
(263, 218)
(256, 219)
(249, 219)
