(183, 155)
(185, 173)
(190, 189)
(195, 206)
(200, 222)
(210, 237)
(223, 249)
(241, 257)
(260, 259)
(279, 254)
(294, 244)
(306, 231)
(312, 214)
(316, 196)
(319, 178)
(321, 160)
(320, 142)
(194, 128)
(201, 118)
(211, 113)
(223, 113)
(233, 117)
(260, 114)
(271, 108)
(283, 107)
(295, 110)
(303, 119)
(249, 133)
(249, 144)
(250, 156)
(250, 167)
(240, 181)
(246, 183)
(252, 184)
(259, 182)
(265, 179)
(208, 145)
(215, 140)
(223, 139)
(231, 143)
(223, 146)
(215, 147)
(269, 140)
(276, 135)
(284, 134)
(291, 138)
(285, 141)
(277, 142)
(233, 213)
(240, 203)
(249, 198)
(255, 199)
(262, 197)
(272, 200)
(281, 209)
(274, 220)
(265, 225)
(257, 226)
(250, 226)
(241, 222)
(237, 213)
(249, 204)
(256, 204)
(263, 203)
(277, 209)
(264, 216)
(256, 217)
(250, 216)
