(183, 152)
(185, 170)
(190, 187)
(195, 204)
(200, 220)
(209, 236)
(223, 248)
(240, 256)
(261, 257)
(280, 252)
(296, 242)
(307, 229)
(313, 212)
(317, 194)
(319, 176)
(321, 159)
(321, 140)
(194, 126)
(199, 115)
(210, 110)
(222, 110)
(233, 115)
(260, 111)
(272, 105)
(284, 104)
(296, 108)
(304, 117)
(249, 132)
(249, 142)
(250, 153)
(250, 164)
(240, 179)
(246, 180)
(252, 181)
(259, 179)
(265, 177)
(208, 143)
(214, 138)
(223, 137)
(231, 141)
(224, 144)
(215, 145)
(269, 138)
(276, 133)
(284, 133)
(291, 136)
(285, 139)
(277, 140)
(233, 211)
(241, 200)
(249, 195)
(256, 196)
(263, 195)
(272, 198)
(281, 207)
(274, 217)
(265, 223)
(257, 224)
(250, 224)
(242, 220)
(237, 211)
(250, 202)
(256, 202)
(263, 201)
(277, 207)
(264, 214)
(256, 215)
(250, 215)
