(183, 152)
(185, 170)
(189, 186)
(194, 203)
(200, 219)
(209, 234)
(222, 246)
(240, 253)
(260, 255)
(279, 250)
(295, 241)
(306, 228)
(312, 212)
(316, 194)
(319, 177)
(321, 159)
(320, 141)
(194, 125)
(199, 114)
(210, 109)
(222, 108)
(233, 113)
(260, 110)
(272, 104)
(285, 103)
(296, 107)
(304, 117)
(249, 129)
(249, 140)
(250, 150)
(250, 162)
(240, 176)
(246, 178)
(252, 179)
(259, 177)
(265, 174)
(208, 142)
(214, 136)
(223, 136)
(231, 140)
(223, 143)
(215, 144)
(269, 137)
(276, 132)
(284, 131)
(291, 135)
(285, 138)
(277, 138)
(233, 209)
(240, 198)
(248, 193)
(255, 194)
(262, 192)
(272, 196)
(281, 205)
(274, 216)
(265, 221)
(257, 222)
(249, 222)
(240, 218)
(236, 208)
(249, 199)
(255, 199)
(263, 198)
(277, 205)
(263, 212)
(256, 213)
(249, 213)
