(182, 153)
(184, 170)
(188, 186)
(193, 203)
(199, 218)
(208, 233)
(222, 244)
(239, 251)
(260, 252)
(279, 248)
(294, 240)
(306, 227)
(313, 211)
(317, 193)
(319, 176)
(321, 158)
(321, 140)
(195, 122)
(201, 113)
(211, 108)
(223, 107)
(233, 111)
(259, 108)
(270, 102)
(283, 101)
(294, 105)
(302, 113)
(249, 128)
(249, 138)
(250, 148)
(250, 159)
(240, 174)
(246, 176)
(252, 177)
(259, 175)
(265, 173)
(208, 140)
(214, 135)
(222, 134)
(231, 138)
(223, 141)
(215, 142)
(268, 135)
(276, 130)
(284, 129)
(291, 134)
(285, 137)
(277, 137)
(233, 207)
(240, 196)
(248, 190)
(255, 192)
(262, 190)
(272, 194)
(281, 204)
(273, 213)
(264, 218)
(257, 220)
(249, 219)
(241, 216)
(237, 207)
(249, 198)
(255, 198)
(263, 197)
(277, 203)
(263, 209)
(256, 210)
(249, 210)
