(182, 153)
(184, 170)
(188, 186)
(193, 202)
(198, 218)
(207, 233)
(221, 243)
(239, 250)
(259, 251)
(278, 247)
(294, 239)
(306, 227)
(312, 211)
(316, 193)
(319, 175)
(321, 158)
(321, 140)
(194, 123)
(200, 113)
(210, 107)
(222, 106)
(233, 110)
(259, 107)
(271, 101)
(283, 101)
(295, 105)
(302, 114)
(249, 127)
(249, 137)
(249, 147)
(250, 157)
(240, 173)
(246, 175)
(252, 175)
(259, 173)
(265, 171)
(208, 140)
(214, 134)
(222, 133)
(231, 137)
(223, 140)
(214, 141)
(268, 135)
(276, 129)
(284, 129)
(291, 133)
(285, 136)
(277, 136)
(232, 206)
(239, 195)
(248, 189)
(255, 190)
(261, 188)
(271, 192)
(280, 203)
(273, 211)
(264, 216)
(256, 218)
(249, 217)
(240, 214)
(236, 205)
(249, 196)
(255, 196)
(262, 195)
(276, 202)
(263, 207)
(255, 208)
(248, 208)
