(182, 152)
(184, 169)
(188, 185)
(192, 202)
(198, 217)
(207, 232)
(221, 243)
(239, 249)
(259, 250)
(278, 246)
(294, 238)
(307, 226)
(313, 211)
(316, 193)
(319, 175)
(321, 158)
(321, 140)
(194, 123)
(200, 113)
(210, 107)
(222, 106)
(232, 110)
(259, 107)
(270, 102)
(283, 101)
(294, 105)
(302, 114)
(248, 127)
(249, 137)
(249, 147)
(249, 157)
(239, 173)
(245, 174)
(252, 175)
(258, 173)
(264, 171)
(207, 139)
(214, 134)
(222, 133)
(231, 137)
(223, 140)
(214, 141)
(268, 134)
(275, 129)
(283, 128)
(290, 133)
(284, 136)
(276, 136)
(232, 205)
(239, 194)
(247, 189)
(254, 190)
(261, 188)
(271, 192)
(280, 202)
(272, 210)
(263, 215)
(256, 216)
(249, 216)
(240, 213)
(236, 204)
(248, 196)
(254, 196)
(261, 195)
(276, 201)
(262, 205)
(255, 206)
(248, 206)
