(181, 152)
(183, 169)
(187, 185)
(191, 201)
(197, 217)
(206, 231)
(220, 242)
(238, 248)
(259, 249)
(278, 245)
(294, 238)
(307, 226)
(313, 210)
(317, 193)
(319, 175)
(321, 158)
(321, 140)
(193, 122)
(199, 112)
(209, 107)
(221, 106)
(232, 110)
(259, 107)
(270, 101)
(283, 100)
(294, 104)
(302, 114)
(248, 127)
(248, 137)
(248, 147)
(249, 157)
(238, 173)
(244, 174)
(251, 175)
(258, 173)
(264, 171)
(206, 140)
(213, 134)
(221, 133)
(230, 137)
(222, 140)
(213, 141)
(267, 135)
(275, 129)
(283, 129)
(290, 133)
(284, 136)
(276, 136)
(231, 206)
(239, 194)
(247, 189)
(253, 190)
(260, 188)
(270, 191)
(280, 201)
(272, 209)
(263, 213)
(255, 215)
(248, 214)
(240, 212)
(236, 204)
(248, 196)
(254, 196)
(261, 195)
(275, 200)
(262, 203)
(254, 205)
(248, 205)
