(182, 152)
(184, 169)
(187, 185)
(192, 202)
(197, 218)
(206, 232)
(221, 242)
(239, 248)
(259, 250)
(278, 246)
(294, 237)
(307, 226)
(313, 210)
(317, 192)
(319, 174)
(320, 157)
(320, 138)
(192, 124)
(198, 114)
(208, 108)
(220, 107)
(231, 111)
(257, 107)
(269, 102)
(282, 101)
(293, 105)
(302, 114)
(247, 128)
(248, 138)
(248, 148)
(248, 158)
(238, 173)
(244, 175)
(251, 176)
(257, 173)
(263, 171)
(206, 140)
(212, 135)
(221, 134)
(229, 138)
(222, 141)
(213, 142)
(267, 135)
(274, 129)
(283, 129)
(290, 133)
(284, 136)
(275, 136)
(232, 205)
(238, 194)
(246, 189)
(253, 190)
(260, 188)
(270, 191)
(279, 201)
(272, 209)
(263, 213)
(255, 214)
(248, 214)
(240, 212)
(236, 203)
(247, 196)
(254, 196)
(261, 195)
(275, 200)
(262, 203)
(254, 205)
(247, 204)
