(181, 154)
(184, 171)
(188, 188)
(193, 204)
(199, 220)
(208, 234)
(222, 244)
(240, 249)
(260, 251)
(279, 246)
(294, 238)
(307, 227)
(313, 211)
(317, 193)
(319, 175)
(320, 158)
(320, 139)
(192, 126)
(198, 115)
(208, 110)
(220, 108)
(231, 113)
(257, 108)
(269, 103)
(282, 102)
(294, 106)
(302, 115)
(247, 129)
(247, 139)
(248, 149)
(248, 159)
(238, 174)
(244, 176)
(251, 177)
(257, 175)
(264, 172)
(206, 142)
(212, 136)
(220, 135)
(229, 139)
(221, 142)
(213, 143)
(267, 136)
(275, 130)
(283, 129)
(290, 133)
(284, 136)
(276, 137)
(232, 206)
(238, 194)
(246, 189)
(253, 190)
(260, 188)
(270, 191)
(280, 201)
(273, 209)
(264, 214)
(256, 216)
(248, 216)
(240, 213)
(237, 204)
(247, 196)
(254, 196)
(261, 195)
(275, 200)
(263, 205)
(255, 206)
(248, 206)
