(181, 153)
(184, 171)
(188, 187)
(193, 203)
(199, 219)
(208, 233)
(222, 244)
(240, 251)
(260, 252)
(279, 248)
(295, 239)
(307, 227)
(313, 211)
(316, 193)
(319, 175)
(320, 157)
(319, 139)
(191, 125)
(197, 115)
(208, 111)
(219, 110)
(230, 114)
(257, 109)
(269, 103)
(282, 102)
(293, 105)
(301, 114)
(247, 129)
(247, 140)
(247, 151)
(248, 162)
(238, 176)
(244, 178)
(251, 179)
(257, 176)
(264, 173)
(206, 143)
(212, 138)
(220, 137)
(229, 140)
(221, 143)
(213, 144)
(267, 136)
(274, 131)
(282, 131)
(289, 134)
(283, 137)
(275, 137)
(233, 207)
(239, 195)
(246, 191)
(253, 192)
(261, 189)
(270, 193)
(280, 202)
(273, 212)
(265, 218)
(256, 219)
(248, 219)
(240, 215)
(237, 205)
(247, 198)
(254, 198)
(262, 196)
(275, 201)
(263, 207)
(255, 208)
(247, 208)
