(181, 151)
(183, 169)
(187, 185)
(192, 202)
(198, 218)
(207, 233)
(221, 244)
(239, 252)
(259, 254)
(279, 249)
(295, 240)
(307, 227)
(313, 210)
(316, 192)
(319, 175)
(320, 157)
(319, 138)
(193, 125)
(199, 116)
(209, 112)
(221, 112)
(231, 116)
(257, 111)
(268, 105)
(280, 103)
(291, 106)
(300, 114)
(247, 132)
(247, 142)
(247, 152)
(248, 163)
(238, 177)
(244, 179)
(250, 180)
(257, 177)
(263, 175)
(207, 146)
(213, 144)
(221, 143)
(230, 142)
(222, 146)
(215, 147)
(266, 139)
(273, 137)
(281, 137)
(288, 137)
(282, 140)
(274, 141)
(233, 208)
(239, 196)
(246, 191)
(253, 192)
(260, 190)
(270, 194)
(280, 204)
(273, 216)
(264, 222)
(255, 223)
(248, 222)
(240, 217)
(238, 207)
(247, 198)
(254, 198)
(261, 197)
(275, 204)
(262, 210)
(254, 211)
(247, 210)
