(183, 153)
(185, 170)
(189, 187)
(193, 203)
(199, 220)
(208, 235)
(222, 248)
(240, 256)
(260, 257)
(280, 253)
(295, 242)
(307, 229)
(314, 212)
(317, 193)
(319, 175)
(320, 157)
(319, 138)
(192, 129)
(197, 118)
(209, 114)
(221, 114)
(232, 119)
(255, 114)
(267, 107)
(280, 105)
(292, 107)
(300, 117)
(246, 133)
(247, 143)
(247, 153)
(248, 165)
(237, 178)
(243, 181)
(250, 182)
(257, 179)
(263, 176)
(206, 146)
(212, 141)
(221, 140)
(230, 143)
(222, 146)
(213, 147)
(265, 138)
(272, 133)
(281, 133)
(289, 136)
(282, 139)
(273, 139)
(232, 211)
(238, 199)
(246, 194)
(253, 195)
(260, 193)
(270, 197)
(280, 206)
(273, 218)
(264, 225)
(255, 226)
(248, 226)
(239, 221)
(236, 210)
(247, 201)
(253, 200)
(261, 199)
(276, 206)
(262, 214)
(254, 215)
(247, 215)
