(181, 153)
(183, 170)
(187, 187)
(192, 204)
(199, 221)
(208, 237)
(221, 250)
(239, 258)
(260, 260)
(280, 255)
(295, 245)
(307, 231)
(313, 213)
(316, 194)
(319, 175)
(321, 157)
(320, 138)
(193, 126)
(200, 117)
(209, 114)
(220, 114)
(230, 118)
(257, 114)
(268, 108)
(279, 105)
(290, 107)
(299, 114)
(247, 134)
(247, 145)
(247, 155)
(248, 166)
(237, 179)
(243, 182)
(250, 183)
(257, 180)
(263, 178)
(207, 148)
(213, 147)
(221, 145)
(229, 144)
(222, 148)
(215, 150)
(266, 141)
(273, 140)
(280, 140)
(288, 140)
(281, 143)
(274, 143)
(231, 213)
(238, 201)
(247, 196)
(253, 197)
(260, 195)
(271, 199)
(281, 208)
(273, 222)
(264, 227)
(255, 229)
(248, 228)
(239, 224)
(235, 212)
(247, 203)
(254, 202)
(261, 202)
(277, 208)
(262, 217)
(254, 218)
(247, 217)
