(180, 153)
(183, 170)
(187, 188)
(193, 205)
(199, 222)
(209, 239)
(222, 252)
(240, 261)
(260, 263)
(280, 258)
(295, 247)
(307, 232)
(313, 214)
(316, 195)
(319, 176)
(321, 157)
(320, 138)
(192, 127)
(199, 118)
(209, 115)
(220, 115)
(230, 119)
(256, 114)
(267, 108)
(280, 106)
(292, 108)
(301, 116)
(246, 134)
(247, 145)
(247, 156)
(247, 168)
(237, 181)
(243, 183)
(250, 184)
(257, 182)
(263, 179)
(206, 147)
(212, 144)
(220, 143)
(229, 144)
(221, 147)
(214, 148)
(266, 140)
(274, 138)
(281, 138)
(289, 139)
(282, 142)
(274, 142)
(230, 214)
(237, 202)
(246, 197)
(253, 198)
(260, 196)
(271, 200)
(282, 210)
(274, 224)
(264, 231)
(255, 232)
(247, 231)
(238, 226)
(234, 213)
(246, 204)
(253, 204)
(261, 203)
(277, 210)
(262, 219)
(254, 221)
(247, 220)
