(182, 153)
(184, 172)
(189, 189)
(194, 206)
(201, 223)
(210, 240)
(222, 254)
(239, 263)
(259, 265)
(279, 260)
(295, 249)
(306, 234)
(312, 216)
(315, 197)
(318, 178)
(320, 159)
(320, 140)
(192, 127)
(198, 119)
(208, 115)
(219, 115)
(229, 119)
(256, 115)
(268, 109)
(280, 107)
(292, 109)
(301, 117)
(246, 134)
(246, 145)
(246, 157)
(247, 168)
(237, 181)
(243, 184)
(250, 185)
(256, 182)
(262, 180)
(206, 147)
(212, 143)
(220, 142)
(229, 144)
(221, 147)
(213, 148)
(266, 140)
(274, 137)
(281, 137)
(289, 139)
(282, 141)
(274, 142)
(230, 215)
(237, 203)
(245, 198)
(252, 199)
(260, 198)
(271, 201)
(281, 211)
(274, 226)
(264, 233)
(255, 234)
(248, 234)
(238, 228)
(234, 215)
(246, 205)
(253, 205)
(261, 204)
(278, 211)
(262, 222)
(254, 223)
(247, 223)
