(182, 155)
(185, 172)
(190, 189)
(195, 207)
(201, 224)
(209, 240)
(222, 254)
(239, 262)
(259, 265)
(278, 260)
(294, 250)
(305, 236)
(311, 218)
(315, 199)
(318, 181)
(320, 162)
(320, 143)
(192, 129)
(198, 120)
(209, 116)
(220, 116)
(230, 120)
(256, 116)
(268, 109)
(281, 107)
(293, 111)
(302, 119)
(246, 135)
(246, 146)
(246, 158)
(247, 169)
(237, 182)
(243, 185)
(249, 186)
(256, 183)
(262, 181)
(206, 147)
(212, 142)
(220, 141)
(229, 144)
(221, 147)
(213, 148)
(267, 141)
(274, 136)
(282, 136)
(289, 139)
(283, 142)
(275, 142)
(229, 215)
(236, 204)
(245, 200)
(252, 200)
(260, 199)
(271, 202)
(281, 211)
(274, 225)
(263, 232)
(255, 233)
(247, 233)
(238, 227)
(233, 215)
(246, 206)
(253, 206)
(260, 205)
(277, 211)
(262, 222)
(254, 223)
(246, 223)
