(182, 154)
(184, 172)
(189, 189)
(194, 206)
(200, 223)
(208, 239)
(221, 252)
(238, 261)
(259, 263)
(278, 258)
(294, 247)
(306, 233)
(312, 215)
(315, 197)
(318, 179)
(320, 160)
(320, 141)
(192, 130)
(198, 121)
(208, 117)
(220, 118)
(230, 122)
(256, 117)
(267, 111)
(280, 109)
(292, 111)
(301, 119)
(246, 136)
(246, 148)
(246, 159)
(247, 171)
(237, 184)
(243, 186)
(249, 187)
(256, 185)
(262, 182)
(205, 147)
(212, 142)
(220, 142)
(228, 145)
(221, 148)
(212, 149)
(267, 142)
(274, 137)
(282, 136)
(289, 139)
(283, 142)
(275, 143)
(229, 215)
(237, 205)
(245, 201)
(252, 201)
(259, 200)
(269, 202)
(280, 210)
(271, 222)
(261, 229)
(254, 230)
(246, 230)
(238, 226)
(233, 214)
(246, 208)
(252, 207)
(259, 206)
(276, 210)
(260, 219)
(253, 220)
(246, 220)
