(181, 155)
(184, 173)
(188, 189)
(193, 206)
(198, 223)
(206, 238)
(219, 251)
(237, 259)
(257, 261)
(276, 256)
(293, 246)
(305, 233)
(311, 216)
(314, 197)
(317, 179)
(319, 161)
(319, 142)
(191, 130)
(197, 122)
(207, 118)
(218, 118)
(228, 123)
(255, 118)
(266, 111)
(279, 110)
(291, 112)
(299, 120)
(244, 138)
(245, 149)
(245, 161)
(245, 173)
(236, 185)
(241, 187)
(248, 189)
(255, 186)
(261, 183)
(204, 148)
(210, 143)
(219, 142)
(227, 146)
(219, 149)
(211, 150)
(265, 143)
(273, 137)
(280, 137)
(287, 140)
(281, 143)
(274, 144)
(229, 215)
(236, 206)
(244, 202)
(250, 203)
(257, 201)
(267, 203)
(277, 210)
(269, 220)
(260, 226)
(252, 228)
(245, 227)
(237, 224)
(233, 214)
(245, 208)
(251, 208)
(258, 207)
(272, 210)
(259, 216)
(251, 217)
(245, 217)
