(181, 155)
(183, 172)
(188, 188)
(192, 205)
(197, 221)
(206, 238)
(219, 250)
(236, 259)
(256, 261)
(276, 256)
(293, 246)
(305, 232)
(312, 214)
(315, 196)
(317, 178)
(319, 160)
(319, 141)
(189, 131)
(196, 122)
(206, 119)
(218, 119)
(228, 124)
(253, 119)
(265, 113)
(277, 111)
(290, 113)
(299, 122)
(243, 139)
(244, 150)
(244, 162)
(244, 174)
(235, 186)
(240, 189)
(247, 190)
(254, 187)
(260, 184)
(203, 149)
(210, 144)
(218, 143)
(227, 148)
(219, 150)
(210, 151)
(264, 144)
(271, 138)
(279, 137)
(286, 140)
(280, 144)
(272, 145)
(229, 215)
(235, 207)
(243, 203)
(249, 204)
(256, 202)
(265, 204)
(275, 211)
(268, 221)
(259, 226)
(252, 228)
(245, 228)
(237, 224)
(234, 214)
(244, 210)
(250, 210)
(257, 209)
(271, 210)
(258, 215)
(250, 217)
(244, 217)
