(181, 155)
(183, 172)
(187, 188)
(192, 205)
(197, 222)
(205, 237)
(218, 251)
(235, 259)
(255, 262)
(274, 257)
(291, 247)
(304, 234)
(311, 216)
(314, 198)
(316, 180)
(319, 161)
(318, 142)
(189, 132)
(196, 123)
(206, 119)
(217, 119)
(227, 124)
(252, 120)
(263, 113)
(276, 111)
(289, 113)
(298, 121)
(242, 139)
(243, 151)
(243, 163)
(243, 176)
(234, 187)
(239, 190)
(246, 191)
(253, 189)
(259, 185)
(203, 150)
(209, 144)
(217, 144)
(226, 148)
(218, 151)
(209, 152)
(263, 145)
(271, 139)
(279, 138)
(286, 141)
(280, 145)
(272, 146)
(229, 216)
(234, 208)
(241, 204)
(248, 205)
(255, 203)
(265, 205)
(275, 212)
(267, 222)
(258, 228)
(250, 229)
(243, 229)
(236, 224)
(233, 215)
(242, 211)
(249, 211)
(256, 210)
(270, 212)
(257, 217)
(249, 218)
(242, 217)
