(180, 155)
(182, 172)
(187, 189)
(192, 206)
(197, 222)
(206, 238)
(218, 251)
(236, 260)
(256, 262)
(275, 257)
(292, 246)
(304, 233)
(311, 216)
(313, 198)
(316, 179)
(318, 161)
(318, 142)
(190, 132)
(196, 124)
(206, 120)
(217, 119)
(226, 124)
(253, 120)
(263, 114)
(276, 112)
(288, 114)
(298, 122)
(242, 140)
(243, 152)
(243, 165)
(243, 177)
(234, 189)
(240, 192)
(246, 193)
(253, 190)
(259, 187)
(203, 150)
(209, 146)
(217, 145)
(226, 149)
(218, 152)
(209, 153)
(263, 145)
(270, 140)
(278, 139)
(286, 142)
(280, 146)
(271, 147)
(229, 217)
(235, 209)
(242, 205)
(248, 207)
(255, 204)
(264, 207)
(274, 213)
(267, 222)
(258, 227)
(251, 228)
(244, 227)
(236, 224)
(233, 217)
(242, 213)
(249, 213)
(256, 211)
(270, 212)
(257, 216)
(249, 217)
(243, 217)
