(180, 155)
(182, 173)
(187, 189)
(192, 206)
(197, 223)
(206, 239)
(219, 252)
(236, 260)
(255, 262)
(275, 257)
(291, 247)
(303, 234)
(311, 216)
(314, 198)
(317, 179)
(319, 161)
(318, 141)
(192, 134)
(197, 126)
(207, 122)
(218, 122)
(228, 126)
(251, 122)
(262, 116)
(274, 114)
(287, 116)
(296, 123)
(242, 143)
(242, 155)
(243, 167)
(243, 179)
(233, 190)
(239, 193)
(246, 195)
(253, 192)
(259, 188)
(204, 154)
(211, 153)
(218, 152)
(226, 152)
(219, 155)
(211, 157)
(262, 149)
(269, 147)
(276, 147)
(284, 146)
(277, 150)
(270, 151)
(228, 219)
(235, 212)
(242, 208)
(248, 209)
(254, 207)
(263, 209)
(274, 214)
(266, 222)
(258, 226)
(251, 227)
(244, 227)
(237, 225)
(232, 218)
(243, 214)
(249, 214)
(255, 213)
(270, 214)
(256, 216)
(249, 217)
(243, 216)
