(180, 155)
(182, 172)
(187, 189)
(192, 206)
(197, 223)
(206, 239)
(218, 253)
(235, 262)
(255, 264)
(275, 259)
(291, 248)
(304, 234)
(311, 216)
(314, 198)
(317, 179)
(319, 160)
(318, 141)
(191, 134)
(196, 126)
(206, 122)
(217, 122)
(227, 127)
(251, 124)
(262, 117)
(274, 115)
(287, 116)
(296, 124)
(242, 144)
(242, 155)
(243, 167)
(243, 180)
(234, 191)
(239, 194)
(246, 196)
(253, 193)
(259, 189)
(203, 156)
(210, 155)
(217, 154)
(227, 153)
(218, 157)
(210, 158)
(261, 149)
(268, 148)
(276, 148)
(285, 147)
(277, 151)
(269, 152)
(228, 219)
(236, 212)
(242, 208)
(248, 210)
(255, 207)
(264, 210)
(275, 215)
(266, 224)
(258, 228)
(251, 229)
(244, 229)
(237, 226)
(233, 219)
(243, 215)
(249, 215)
(256, 214)
(270, 215)
(257, 218)
(250, 219)
(243, 218)
