(180, 155)
(182, 173)
(186, 190)
(192, 208)
(197, 225)
(206, 241)
(219, 255)
(236, 263)
(257, 266)
(277, 260)
(293, 249)
(305, 234)
(311, 216)
(313, 198)
(316, 180)
(319, 161)
(318, 142)
(190, 134)
(196, 126)
(206, 123)
(216, 123)
(226, 127)
(252, 123)
(263, 117)
(275, 115)
(287, 116)
(296, 123)
(242, 144)
(242, 156)
(242, 169)
(243, 181)
(233, 192)
(239, 195)
(246, 196)
(253, 193)
(259, 190)
(203, 155)
(209, 153)
(217, 152)
(226, 153)
(218, 156)
(210, 158)
(262, 149)
(270, 147)
(277, 146)
(285, 147)
(278, 151)
(270, 151)
(229, 220)
(235, 212)
(243, 208)
(249, 209)
(255, 207)
(264, 210)
(275, 216)
(267, 227)
(258, 232)
(251, 233)
(244, 233)
(236, 229)
(233, 219)
(243, 216)
(249, 215)
(256, 215)
(270, 216)
(257, 221)
(250, 222)
(243, 222)
