(179, 155)
(181, 173)
(186, 190)
(191, 207)
(196, 224)
(205, 241)
(218, 254)
(235, 264)
(255, 266)
(275, 261)
(292, 250)
(304, 236)
(311, 218)
(314, 199)
(316, 181)
(319, 161)
(318, 142)
(190, 134)
(195, 126)
(205, 123)
(216, 123)
(226, 128)
(252, 124)
(263, 117)
(276, 115)
(288, 117)
(297, 124)
(242, 145)
(242, 157)
(242, 169)
(243, 182)
(233, 192)
(239, 195)
(246, 197)
(253, 194)
(259, 190)
(203, 155)
(209, 151)
(217, 150)
(226, 153)
(218, 156)
(210, 157)
(262, 149)
(269, 145)
(277, 145)
(285, 146)
(278, 150)
(270, 151)
(229, 221)
(235, 212)
(243, 209)
(249, 210)
(255, 208)
(265, 210)
(275, 216)
(267, 227)
(258, 233)
(251, 235)
(244, 234)
(237, 230)
(234, 220)
(243, 215)
(249, 215)
(256, 214)
(270, 217)
(257, 223)
(250, 224)
(244, 224)
