(180, 156)
(182, 174)
(187, 191)
(192, 208)
(198, 225)
(206, 242)
(219, 256)
(236, 265)
(256, 267)
(276, 262)
(292, 251)
(304, 237)
(310, 219)
(313, 200)
(316, 181)
(319, 162)
(318, 143)
(189, 135)
(196, 127)
(205, 124)
(216, 125)
(225, 129)
(252, 125)
(263, 118)
(275, 116)
(288, 117)
(297, 125)
(242, 145)
(242, 157)
(242, 169)
(243, 182)
(234, 193)
(239, 196)
(246, 197)
(252, 194)
(259, 191)
(202, 154)
(208, 150)
(217, 149)
(225, 153)
(217, 156)
(209, 157)
(263, 149)
(270, 144)
(278, 143)
(285, 146)
(279, 150)
(271, 151)
(229, 222)
(235, 213)
(242, 209)
(249, 210)
(255, 208)
(266, 211)
(276, 217)
(268, 229)
(259, 235)
(251, 236)
(244, 236)
(236, 231)
(233, 221)
(243, 216)
(249, 216)
(256, 215)
(271, 217)
(257, 224)
(250, 225)
(243, 225)
