(180, 157)
(182, 175)
(188, 192)
(193, 210)
(198, 227)
(207, 244)
(220, 258)
(237, 268)
(256, 270)
(275, 265)
(291, 254)
(303, 239)
(310, 221)
(313, 202)
(316, 182)
(319, 163)
(318, 142)
(188, 137)
(194, 128)
(204, 124)
(216, 124)
(226, 129)
(252, 125)
(263, 118)
(276, 115)
(289, 117)
(299, 126)
(242, 144)
(242, 156)
(242, 169)
(243, 182)
(234, 193)
(239, 195)
(246, 197)
(252, 194)
(259, 191)
(202, 154)
(209, 149)
(217, 148)
(225, 152)
(218, 155)
(209, 156)
(262, 149)
(270, 143)
(278, 142)
(285, 145)
(279, 149)
(271, 150)
(228, 222)
(235, 213)
(242, 209)
(249, 210)
(256, 208)
(266, 211)
(276, 217)
(269, 231)
(259, 237)
(252, 239)
(244, 238)
(236, 234)
(232, 222)
(243, 216)
(250, 216)
(257, 215)
(272, 218)
(258, 227)
(250, 228)
(243, 228)
