(180, 157)
(183, 176)
(188, 193)
(194, 211)
(200, 228)
(208, 245)
(221, 259)
(238, 269)
(257, 271)
(277, 266)
(292, 254)
(303, 239)
(310, 221)
(313, 202)
(316, 183)
(318, 163)
(317, 143)
(188, 135)
(194, 126)
(205, 122)
(216, 123)
(226, 127)
(251, 122)
(263, 116)
(276, 114)
(289, 116)
(298, 124)
(242, 143)
(242, 155)
(243, 167)
(243, 180)
(234, 192)
(239, 194)
(246, 195)
(253, 193)
(259, 189)
(202, 153)
(208, 147)
(217, 147)
(226, 152)
(218, 155)
(209, 156)
(262, 148)
(270, 142)
(278, 141)
(286, 144)
(280, 148)
(271, 149)
(228, 222)
(234, 212)
(243, 208)
(249, 209)
(256, 207)
(267, 210)
(277, 217)
(269, 230)
(260, 237)
(252, 238)
(245, 238)
(236, 233)
(232, 222)
(243, 215)
(250, 215)
(257, 214)
(273, 217)
(258, 227)
(251, 228)
(244, 228)
