(180, 157)
(183, 175)
(188, 192)
(194, 210)
(200, 227)
(209, 243)
(221, 258)
(238, 268)
(258, 270)
(278, 264)
(293, 253)
(304, 238)
(310, 220)
(313, 201)
(317, 183)
(319, 163)
(318, 144)
(190, 132)
(197, 124)
(206, 121)
(217, 121)
(227, 126)
(253, 121)
(264, 115)
(276, 113)
(289, 115)
(298, 122)
(243, 141)
(243, 153)
(244, 165)
(244, 177)
(235, 189)
(240, 192)
(247, 193)
(253, 190)
(259, 187)
(203, 151)
(209, 145)
(218, 145)
(227, 149)
(219, 152)
(210, 153)
(263, 146)
(271, 140)
(279, 139)
(286, 143)
(280, 146)
(272, 147)
(229, 220)
(235, 210)
(243, 206)
(250, 207)
(257, 205)
(267, 208)
(277, 215)
(270, 227)
(260, 234)
(252, 236)
(245, 235)
(237, 231)
(233, 220)
(244, 212)
(250, 212)
(257, 211)
(273, 216)
(259, 225)
(251, 226)
(244, 226)
