(181, 156)
(183, 174)
(188, 191)
(193, 208)
(199, 225)
(208, 241)
(220, 255)
(238, 264)
(259, 266)
(278, 261)
(294, 250)
(305, 236)
(311, 218)
(314, 200)
(317, 181)
(319, 163)
(319, 144)
(190, 131)
(197, 123)
(207, 120)
(218, 120)
(228, 124)
(254, 120)
(265, 114)
(277, 112)
(289, 114)
(299, 121)
(244, 140)
(244, 151)
(244, 163)
(245, 175)
(235, 188)
(241, 190)
(247, 191)
(254, 189)
(260, 186)
(203, 149)
(210, 144)
(218, 143)
(227, 148)
(219, 151)
(210, 152)
(264, 145)
(272, 139)
(280, 138)
(287, 142)
(281, 145)
(273, 146)
(229, 219)
(236, 209)
(244, 204)
(251, 205)
(258, 203)
(268, 206)
(278, 214)
(270, 225)
(261, 230)
(253, 232)
(246, 232)
(238, 228)
(233, 218)
(245, 211)
(251, 211)
(258, 210)
(274, 214)
(259, 222)
(252, 223)
(245, 223)
