(180, 156)
(183, 174)
(188, 190)
(193, 207)
(199, 224)
(207, 240)
(220, 254)
(237, 262)
(258, 264)
(278, 259)
(293, 249)
(305, 235)
(311, 218)
(314, 199)
(317, 181)
(319, 162)
(319, 143)
(191, 130)
(198, 122)
(208, 119)
(219, 120)
(228, 124)
(254, 119)
(265, 113)
(277, 111)
(289, 113)
(299, 120)
(244, 139)
(244, 150)
(244, 162)
(245, 174)
(236, 186)
(241, 189)
(247, 190)
(254, 187)
(260, 185)
(204, 149)
(210, 143)
(219, 143)
(227, 147)
(219, 150)
(211, 151)
(264, 144)
(272, 138)
(280, 137)
(287, 141)
(281, 145)
(273, 145)
(230, 217)
(236, 207)
(244, 203)
(250, 204)
(257, 202)
(267, 205)
(277, 212)
(270, 222)
(261, 227)
(253, 228)
(246, 228)
(238, 225)
(234, 217)
(245, 210)
(251, 210)
(258, 209)
(273, 212)
(259, 218)
(252, 219)
(245, 219)
