(181, 156)
(183, 174)
(188, 190)
(193, 207)
(198, 223)
(206, 239)
(218, 252)
(236, 260)
(257, 262)
(277, 257)
(293, 247)
(305, 234)
(311, 217)
(314, 199)
(317, 181)
(320, 163)
(319, 144)
(191, 131)
(197, 122)
(207, 119)
(219, 119)
(229, 123)
(255, 119)
(266, 113)
(279, 111)
(291, 113)
(300, 121)
(245, 138)
(245, 150)
(245, 162)
(245, 174)
(236, 186)
(242, 189)
(248, 190)
(255, 187)
(261, 184)
(204, 149)
(210, 143)
(219, 143)
(228, 147)
(220, 150)
(211, 151)
(265, 144)
(273, 138)
(281, 137)
(288, 140)
(282, 144)
(274, 145)
(230, 217)
(237, 208)
(244, 203)
(251, 204)
(257, 202)
(267, 205)
(277, 211)
(269, 220)
(260, 224)
(253, 226)
(246, 226)
(238, 223)
(234, 216)
(245, 210)
(251, 210)
(258, 209)
(272, 211)
(259, 215)
(252, 216)
(245, 216)
