(182, 156)
(184, 174)
(189, 190)
(193, 207)
(198, 223)
(206, 239)
(219, 251)
(236, 260)
(257, 262)
(276, 257)
(293, 247)
(305, 233)
(311, 216)
(314, 198)
(317, 180)
(320, 162)
(320, 144)
(191, 131)
(197, 122)
(208, 119)
(219, 120)
(229, 124)
(256, 119)
(267, 113)
(280, 111)
(292, 114)
(301, 122)
(245, 139)
(245, 151)
(245, 163)
(246, 175)
(236, 187)
(242, 189)
(248, 191)
(255, 188)
(261, 185)
(204, 149)
(211, 143)
(219, 143)
(228, 148)
(220, 150)
(211, 151)
(266, 144)
(273, 138)
(281, 138)
(288, 141)
(282, 145)
(274, 146)
(230, 216)
(237, 208)
(245, 204)
(251, 205)
(258, 203)
(267, 205)
(277, 212)
(269, 220)
(260, 225)
(253, 226)
(246, 226)
(238, 223)
(234, 216)
(245, 211)
(252, 211)
(259, 210)
(272, 211)
(259, 215)
(252, 216)
(245, 216)
