(182, 155)
(184, 173)
(189, 189)
(193, 206)
(198, 223)
(206, 239)
(219, 252)
(237, 260)
(257, 262)
(276, 257)
(292, 247)
(304, 235)
(311, 218)
(314, 200)
(317, 182)
(320, 163)
(320, 144)
(191, 132)
(198, 123)
(209, 120)
(220, 121)
(230, 125)
(255, 121)
(266, 114)
(279, 113)
(291, 115)
(301, 123)
(245, 139)
(245, 151)
(245, 163)
(246, 175)
(236, 187)
(242, 190)
(248, 191)
(255, 188)
(261, 185)
(205, 150)
(211, 144)
(220, 143)
(228, 148)
(220, 151)
(212, 152)
(266, 145)
(273, 139)
(281, 138)
(288, 142)
(282, 145)
(274, 146)
(231, 217)
(238, 208)
(245, 204)
(251, 205)
(258, 203)
(267, 206)
(277, 212)
(269, 220)
(261, 226)
(253, 228)
(246, 227)
(239, 224)
(235, 216)
(246, 211)
(252, 211)
(259, 210)
(272, 212)
(259, 216)
(252, 217)
(246, 217)
