(182, 156)
(184, 173)
(189, 190)
(193, 207)
(198, 223)
(206, 239)
(219, 252)
(237, 261)
(257, 263)
(276, 258)
(292, 247)
(305, 234)
(311, 217)
(314, 199)
(317, 181)
(320, 163)
(320, 144)
(192, 132)
(199, 123)
(209, 121)
(220, 122)
(230, 126)
(255, 121)
(266, 115)
(278, 113)
(291, 115)
(300, 122)
(245, 140)
(245, 152)
(245, 163)
(246, 176)
(236, 188)
(242, 191)
(248, 192)
(255, 189)
(261, 186)
(205, 150)
(211, 144)
(220, 144)
(228, 148)
(221, 151)
(212, 152)
(266, 145)
(273, 139)
(282, 138)
(288, 142)
(283, 146)
(275, 146)
(230, 217)
(237, 209)
(245, 205)
(251, 206)
(258, 203)
(267, 206)
(277, 212)
(270, 222)
(261, 227)
(253, 229)
(246, 229)
(239, 225)
(235, 217)
(245, 212)
(252, 212)
(259, 211)
(273, 212)
(260, 217)
(252, 218)
(246, 218)
