(183, 156)
(185, 174)
(189, 190)
(194, 207)
(199, 224)
(207, 240)
(220, 253)
(238, 262)
(258, 264)
(278, 258)
(293, 247)
(305, 233)
(311, 216)
(314, 198)
(317, 180)
(320, 162)
(319, 143)
(192, 132)
(199, 124)
(209, 121)
(220, 122)
(230, 126)
(255, 121)
(266, 115)
(278, 113)
(290, 114)
(300, 122)
(245, 140)
(246, 152)
(246, 164)
(246, 176)
(237, 188)
(242, 191)
(249, 192)
(256, 189)
(262, 186)
(205, 150)
(211, 145)
(220, 144)
(228, 149)
(220, 152)
(212, 153)
(266, 145)
(273, 139)
(281, 139)
(288, 142)
(283, 146)
(275, 146)
(231, 218)
(238, 209)
(245, 205)
(251, 206)
(258, 204)
(268, 206)
(277, 212)
(270, 223)
(262, 229)
(254, 230)
(247, 230)
(239, 226)
(235, 217)
(246, 213)
(252, 212)
(259, 211)
(273, 212)
(260, 218)
(253, 219)
(246, 219)
