(182, 156)
(185, 173)
(189, 190)
(194, 206)
(199, 223)
(207, 239)
(220, 252)
(237, 261)
(257, 264)
(276, 258)
(292, 248)
(304, 235)
(311, 217)
(314, 199)
(317, 181)
(320, 162)
(320, 143)
(192, 133)
(198, 124)
(209, 120)
(220, 121)
(230, 125)
(255, 121)
(266, 114)
(279, 112)
(291, 114)
(301, 122)
(245, 139)
(246, 152)
(246, 164)
(246, 176)
(237, 188)
(242, 190)
(249, 192)
(256, 189)
(262, 185)
(205, 150)
(211, 144)
(220, 144)
(229, 148)
(221, 151)
(212, 152)
(266, 145)
(273, 139)
(282, 138)
(288, 142)
(283, 145)
(275, 146)
(231, 217)
(238, 209)
(246, 205)
(252, 206)
(259, 204)
(268, 206)
(278, 212)
(270, 222)
(262, 228)
(254, 230)
(247, 230)
(239, 226)
(235, 216)
(246, 212)
(253, 212)
(260, 210)
(273, 212)
(260, 217)
(253, 219)
(246, 219)
