(183, 156)
(184, 173)
(189, 189)
(194, 206)
(199, 223)
(207, 238)
(220, 251)
(237, 260)
(257, 262)
(277, 257)
(292, 246)
(305, 233)
(311, 216)
(314, 198)
(317, 180)
(320, 161)
(319, 143)
(191, 132)
(198, 123)
(208, 120)
(220, 121)
(230, 125)
(255, 120)
(267, 114)
(279, 111)
(291, 114)
(300, 122)
(245, 139)
(246, 151)
(246, 163)
(247, 175)
(237, 187)
(242, 190)
(249, 191)
(256, 188)
(262, 185)
(205, 150)
(211, 144)
(220, 144)
(229, 148)
(221, 151)
(212, 152)
(266, 144)
(274, 138)
(282, 137)
(289, 141)
(283, 145)
(275, 145)
(232, 217)
(239, 209)
(246, 204)
(252, 205)
(259, 203)
(268, 206)
(277, 212)
(270, 220)
(261, 226)
(254, 228)
(247, 228)
(240, 224)
(236, 216)
(247, 212)
(253, 211)
(260, 210)
(273, 211)
(260, 216)
(253, 217)
(246, 217)
