(182, 155)
(184, 173)
(189, 189)
(194, 206)
(199, 222)
(208, 238)
(221, 250)
(238, 258)
(257, 260)
(276, 255)
(292, 245)
(305, 232)
(312, 215)
(315, 197)
(318, 179)
(321, 161)
(320, 142)
(191, 132)
(197, 122)
(208, 118)
(219, 119)
(229, 123)
(255, 118)
(267, 112)
(280, 110)
(293, 112)
(301, 121)
(246, 137)
(246, 149)
(246, 161)
(247, 173)
(237, 186)
(243, 188)
(249, 189)
(256, 187)
(262, 183)
(205, 148)
(212, 142)
(220, 142)
(229, 146)
(221, 149)
(213, 150)
(266, 143)
(274, 137)
(282, 136)
(289, 139)
(283, 143)
(275, 144)
(231, 215)
(239, 208)
(247, 203)
(253, 204)
(259, 202)
(268, 205)
(277, 211)
(269, 219)
(261, 224)
(254, 225)
(248, 225)
(240, 222)
(236, 215)
(247, 210)
(253, 210)
(260, 209)
(273, 210)
(260, 214)
(253, 215)
(247, 215)
