(183, 155)
(185, 173)
(190, 189)
(194, 206)
(199, 222)
(208, 237)
(221, 249)
(238, 257)
(258, 259)
(277, 254)
(293, 244)
(305, 231)
(312, 215)
(315, 197)
(318, 179)
(320, 161)
(320, 142)
(192, 131)
(198, 121)
(209, 117)
(220, 118)
(231, 122)
(256, 118)
(267, 111)
(280, 109)
(293, 112)
(302, 121)
(246, 137)
(247, 148)
(247, 160)
(247, 172)
(238, 184)
(243, 187)
(250, 188)
(257, 185)
(263, 182)
(206, 147)
(212, 141)
(221, 141)
(229, 146)
(221, 148)
(213, 149)
(266, 142)
(274, 136)
(282, 135)
(289, 139)
(283, 142)
(275, 143)
(232, 214)
(240, 207)
(247, 202)
(253, 204)
(259, 201)
(268, 204)
(277, 209)
(269, 217)
(261, 222)
(254, 223)
(248, 223)
(240, 220)
(236, 213)
(247, 209)
(253, 209)
(260, 208)
(273, 209)
(260, 212)
(253, 213)
(247, 213)
