(183, 154)
(185, 171)
(189, 187)
(194, 204)
(199, 220)
(207, 236)
(220, 248)
(238, 256)
(258, 258)
(277, 253)
(293, 243)
(306, 230)
(312, 214)
(315, 196)
(318, 177)
(320, 159)
(320, 141)
(192, 131)
(198, 121)
(208, 117)
(220, 117)
(230, 122)
(256, 117)
(267, 111)
(280, 109)
(292, 112)
(301, 121)
(246, 136)
(246, 148)
(247, 159)
(247, 171)
(238, 184)
(243, 186)
(250, 188)
(256, 185)
(263, 182)
(206, 147)
(212, 141)
(220, 141)
(229, 145)
(221, 148)
(212, 149)
(267, 142)
(274, 136)
(282, 135)
(289, 139)
(283, 142)
(275, 143)
(231, 214)
(240, 206)
(247, 202)
(253, 203)
(259, 201)
(268, 203)
(278, 209)
(269, 216)
(262, 221)
(254, 222)
(248, 222)
(240, 220)
(236, 213)
(248, 209)
(253, 208)
(260, 207)
(273, 208)
(260, 211)
(254, 212)
(247, 212)
