(184, 156)
(186, 173)
(190, 189)
(195, 206)
(200, 222)
(208, 237)
(221, 249)
(239, 257)
(258, 258)
(277, 253)
(293, 244)
(306, 231)
(312, 215)
(315, 197)
(318, 179)
(321, 161)
(320, 142)
(192, 130)
(198, 120)
(209, 116)
(220, 117)
(230, 121)
(256, 116)
(268, 110)
(280, 108)
(293, 112)
(301, 120)
(246, 136)
(246, 147)
(247, 159)
(247, 171)
(237, 184)
(243, 186)
(250, 188)
(257, 185)
(263, 182)
(206, 147)
(212, 141)
(220, 141)
(229, 145)
(221, 148)
(213, 149)
(267, 142)
(274, 136)
(282, 135)
(289, 139)
(283, 142)
(275, 143)
(231, 214)
(239, 206)
(247, 201)
(253, 203)
(259, 201)
(268, 203)
(278, 209)
(270, 216)
(262, 220)
(254, 222)
(248, 222)
(240, 219)
(235, 213)
(247, 208)
(253, 208)
(260, 207)
(274, 209)
(260, 210)
(253, 212)
(247, 212)
