(182, 155)
(184, 172)
(189, 188)
(194, 205)
(199, 221)
(207, 236)
(220, 248)
(238, 256)
(258, 258)
(278, 253)
(294, 243)
(306, 230)
(312, 213)
(315, 195)
(318, 177)
(320, 159)
(320, 141)
(191, 130)
(198, 121)
(208, 116)
(220, 116)
(230, 121)
(256, 116)
(267, 110)
(280, 108)
(292, 111)
(301, 119)
(246, 136)
(246, 148)
(246, 159)
(247, 171)
(237, 184)
(243, 186)
(249, 188)
(256, 185)
(263, 182)
(205, 147)
(211, 141)
(220, 141)
(229, 145)
(221, 148)
(212, 149)
(266, 142)
(274, 136)
(282, 135)
(289, 139)
(283, 142)
(275, 143)
(231, 214)
(239, 205)
(247, 201)
(253, 201)
(259, 200)
(269, 202)
(279, 209)
(270, 217)
(262, 222)
(254, 224)
(248, 224)
(240, 221)
(236, 213)
(247, 208)
(253, 207)
(260, 206)
(274, 208)
(261, 212)
(253, 213)
(247, 213)
