(182, 156)
(185, 173)
(189, 189)
(194, 206)
(199, 222)
(208, 237)
(221, 250)
(238, 258)
(257, 260)
(276, 255)
(292, 245)
(305, 233)
(311, 216)
(315, 198)
(317, 180)
(320, 162)
(320, 143)
(191, 131)
(196, 120)
(207, 115)
(219, 115)
(229, 120)
(256, 115)
(268, 109)
(281, 108)
(293, 111)
(301, 120)
(246, 136)
(246, 148)
(246, 159)
(247, 171)
(237, 184)
(243, 186)
(249, 187)
(256, 185)
(262, 182)
(205, 147)
(211, 142)
(220, 141)
(229, 146)
(221, 149)
(212, 150)
(266, 142)
(274, 136)
(282, 135)
(289, 139)
(283, 143)
(275, 143)
(231, 214)
(238, 205)
(246, 200)
(252, 201)
(259, 200)
(269, 202)
(279, 209)
(271, 220)
(262, 226)
(254, 227)
(247, 227)
(239, 223)
(235, 213)
(247, 207)
(253, 206)
(260, 205)
(275, 209)
(261, 216)
(253, 217)
(247, 217)
