(182, 155)
(185, 173)
(189, 189)
(194, 206)
(199, 222)
(208, 238)
(221, 250)
(238, 259)
(258, 261)
(277, 256)
(293, 246)
(305, 233)
(311, 216)
(315, 198)
(318, 180)
(320, 162)
(320, 143)
(192, 132)
(198, 122)
(208, 117)
(219, 116)
(229, 120)
(255, 116)
(267, 110)
(280, 108)
(292, 111)
(301, 120)
(246, 137)
(246, 148)
(246, 160)
(246, 171)
(237, 184)
(242, 187)
(249, 188)
(256, 185)
(262, 182)
(205, 148)
(212, 142)
(220, 141)
(229, 146)
(221, 149)
(212, 150)
(266, 142)
(274, 136)
(282, 135)
(289, 139)
(283, 143)
(275, 144)
(230, 215)
(237, 205)
(245, 201)
(252, 201)
(259, 200)
(269, 203)
(279, 211)
(271, 222)
(262, 228)
(254, 229)
(246, 229)
(238, 225)
(234, 215)
(246, 207)
(252, 207)
(260, 206)
(275, 210)
(260, 218)
(253, 219)
(246, 219)
