(182, 155)
(184, 172)
(189, 189)
(194, 205)
(199, 222)
(208, 237)
(220, 250)
(238, 259)
(258, 261)
(278, 256)
(294, 245)
(305, 232)
(312, 215)
(315, 197)
(318, 179)
(320, 161)
(320, 142)
(192, 132)
(198, 122)
(208, 117)
(220, 116)
(230, 120)
(255, 116)
(267, 109)
(280, 108)
(293, 111)
(301, 120)
(246, 136)
(246, 148)
(246, 160)
(247, 172)
(237, 185)
(243, 187)
(249, 188)
(256, 185)
(262, 183)
(205, 147)
(212, 141)
(220, 141)
(229, 146)
(221, 149)
(212, 150)
(266, 142)
(274, 136)
(282, 135)
(289, 139)
(283, 143)
(275, 143)
(231, 215)
(237, 206)
(246, 201)
(252, 202)
(259, 200)
(269, 203)
(279, 211)
(272, 222)
(262, 228)
(254, 230)
(247, 229)
(238, 226)
(235, 215)
(246, 207)
(253, 207)
(260, 206)
(275, 211)
(261, 218)
(253, 220)
(246, 220)
