(182, 156)
(185, 173)
(189, 189)
(194, 206)
(199, 222)
(208, 237)
(221, 250)
(238, 259)
(259, 261)
(278, 256)
(293, 246)
(305, 232)
(312, 216)
(315, 198)
(317, 180)
(319, 161)
(320, 142)
(192, 132)
(198, 122)
(208, 117)
(220, 116)
(230, 120)
(256, 115)
(268, 109)
(281, 108)
(293, 112)
(301, 121)
(246, 136)
(246, 148)
(246, 160)
(247, 171)
(237, 185)
(243, 187)
(249, 188)
(256, 185)
(262, 183)
(205, 148)
(211, 142)
(220, 141)
(229, 146)
(221, 149)
(212, 150)
(266, 142)
(274, 136)
(282, 135)
(289, 139)
(283, 143)
(275, 144)
(231, 216)
(238, 206)
(246, 201)
(252, 202)
(259, 200)
(269, 203)
(279, 210)
(272, 221)
(262, 227)
(254, 228)
(247, 228)
(239, 225)
(235, 215)
(247, 208)
(253, 207)
(260, 206)
(275, 210)
(261, 217)
(253, 219)
(247, 219)
