(183, 154)
(185, 172)
(189, 189)
(194, 205)
(200, 222)
(208, 238)
(221, 250)
(239, 258)
(260, 260)
(279, 254)
(295, 244)
(307, 230)
(313, 213)
(316, 194)
(318, 176)
(320, 158)
(320, 140)
(194, 132)
(200, 123)
(210, 119)
(221, 118)
(231, 121)
(256, 116)
(267, 110)
(280, 109)
(291, 112)
(300, 120)
(246, 136)
(247, 148)
(247, 160)
(248, 172)
(239, 185)
(244, 187)
(250, 188)
(256, 185)
(262, 183)
(207, 149)
(214, 146)
(221, 145)
(229, 146)
(222, 149)
(215, 150)
(266, 143)
(273, 140)
(281, 140)
(288, 141)
(281, 144)
(274, 145)
(232, 215)
(239, 207)
(247, 203)
(253, 204)
(260, 202)
(269, 205)
(279, 210)
(271, 220)
(263, 225)
(255, 226)
(248, 226)
(240, 224)
(236, 215)
(247, 209)
(254, 209)
(261, 208)
(274, 210)
(261, 215)
(254, 216)
(248, 216)
