(183, 153)
(185, 170)
(189, 187)
(194, 204)
(200, 220)
(209, 236)
(222, 249)
(240, 257)
(260, 259)
(280, 254)
(296, 243)
(307, 228)
(314, 211)
(317, 192)
(319, 174)
(320, 156)
(319, 137)
(194, 131)
(200, 122)
(210, 118)
(221, 116)
(232, 121)
(255, 117)
(266, 110)
(278, 108)
(291, 111)
(299, 119)
(246, 137)
(246, 148)
(247, 159)
(247, 171)
(238, 185)
(244, 187)
(250, 188)
(256, 185)
(262, 182)
(207, 150)
(214, 149)
(221, 148)
(230, 146)
(222, 150)
(215, 152)
(264, 143)
(272, 142)
(280, 142)
(288, 141)
(281, 145)
(273, 145)
(232, 215)
(240, 207)
(247, 203)
(253, 205)
(259, 202)
(268, 205)
(279, 210)
(270, 219)
(262, 223)
(255, 224)
(248, 224)
(241, 222)
(236, 214)
(247, 210)
(253, 210)
(260, 209)
(274, 210)
(261, 213)
(254, 214)
(247, 214)
