(183, 152)
(185, 169)
(189, 186)
(194, 203)
(199, 219)
(208, 235)
(221, 247)
(238, 256)
(258, 258)
(278, 253)
(294, 243)
(306, 230)
(313, 213)
(317, 194)
(319, 176)
(320, 157)
(319, 139)
(195, 130)
(200, 121)
(210, 116)
(221, 115)
(231, 119)
(256, 116)
(267, 110)
(279, 108)
(291, 111)
(299, 119)
(246, 136)
(246, 148)
(247, 159)
(247, 171)
(238, 184)
(243, 186)
(249, 188)
(256, 185)
(262, 182)
(208, 149)
(215, 148)
(222, 147)
(231, 146)
(223, 150)
(215, 151)
(264, 143)
(272, 142)
(279, 142)
(287, 142)
(280, 145)
(272, 145)
(231, 214)
(239, 207)
(246, 203)
(252, 204)
(258, 202)
(267, 205)
(278, 209)
(269, 217)
(260, 220)
(253, 221)
(247, 221)
(240, 219)
(235, 213)
(247, 209)
(252, 209)
(259, 208)
(273, 209)
(259, 210)
(253, 211)
(246, 211)
