(182, 152)
(184, 169)
(188, 186)
(193, 203)
(199, 219)
(207, 235)
(221, 247)
(238, 255)
(258, 256)
(278, 252)
(295, 242)
(307, 229)
(313, 212)
(316, 193)
(319, 176)
(321, 157)
(320, 139)
(194, 128)
(200, 119)
(209, 115)
(220, 115)
(230, 119)
(256, 115)
(267, 109)
(279, 108)
(291, 111)
(300, 118)
(246, 135)
(246, 147)
(246, 159)
(247, 171)
(238, 183)
(243, 186)
(249, 187)
(256, 184)
(261, 181)
(207, 148)
(214, 147)
(221, 146)
(229, 145)
(222, 149)
(214, 150)
(266, 142)
(273, 141)
(281, 141)
(288, 141)
(281, 144)
(274, 145)
(231, 213)
(239, 206)
(246, 202)
(252, 204)
(258, 202)
(267, 204)
(278, 209)
(269, 216)
(261, 219)
(254, 220)
(247, 220)
(240, 218)
(235, 212)
(247, 209)
(253, 209)
(259, 208)
(273, 209)
(259, 209)
(253, 210)
(247, 210)
