(182, 153)
(184, 170)
(188, 187)
(193, 204)
(198, 220)
(207, 235)
(221, 247)
(239, 255)
(259, 256)
(278, 251)
(294, 242)
(306, 229)
(313, 212)
(316, 194)
(318, 176)
(320, 158)
(319, 140)
(193, 128)
(199, 119)
(209, 115)
(220, 114)
(230, 119)
(256, 115)
(267, 109)
(279, 108)
(291, 111)
(300, 119)
(246, 135)
(246, 147)
(246, 159)
(246, 171)
(237, 183)
(242, 185)
(249, 187)
(255, 184)
(261, 181)
(207, 147)
(213, 144)
(221, 143)
(229, 144)
(221, 148)
(214, 149)
(266, 141)
(273, 139)
(280, 139)
(287, 140)
(281, 143)
(274, 143)
(231, 213)
(239, 205)
(246, 201)
(251, 203)
(258, 201)
(266, 203)
(277, 208)
(268, 215)
(260, 218)
(253, 219)
(247, 219)
(240, 217)
(235, 212)
(246, 208)
(252, 208)
(258, 207)
(272, 208)
(259, 209)
(252, 210)
(246, 210)
