(182, 152)
(184, 170)
(188, 186)
(193, 203)
(198, 219)
(207, 235)
(220, 247)
(238, 255)
(257, 257)
(277, 252)
(293, 243)
(306, 230)
(312, 213)
(315, 194)
(318, 177)
(320, 159)
(319, 140)
(192, 128)
(198, 118)
(208, 114)
(220, 114)
(230, 119)
(256, 115)
(267, 109)
(280, 107)
(292, 110)
(301, 118)
(246, 135)
(246, 146)
(246, 158)
(246, 170)
(237, 183)
(243, 185)
(249, 186)
(255, 184)
(261, 181)
(206, 146)
(212, 142)
(220, 142)
(228, 144)
(221, 147)
(213, 148)
(266, 141)
(274, 137)
(281, 137)
(288, 139)
(282, 142)
(274, 143)
(231, 213)
(239, 205)
(246, 201)
(251, 202)
(257, 200)
(266, 203)
(276, 208)
(268, 216)
(260, 220)
(253, 221)
(247, 220)
(240, 218)
(235, 212)
(246, 208)
(252, 208)
(258, 206)
(272, 208)
(259, 209)
(252, 211)
(246, 210)
