(182, 153)
(184, 171)
(189, 187)
(193, 204)
(198, 220)
(207, 235)
(220, 247)
(238, 256)
(258, 258)
(277, 253)
(293, 243)
(305, 230)
(312, 213)
(315, 195)
(318, 178)
(320, 160)
(320, 141)
(192, 128)
(197, 119)
(208, 114)
(219, 115)
(229, 118)
(256, 114)
(268, 109)
(280, 107)
(292, 110)
(301, 118)
(246, 135)
(246, 146)
(246, 157)
(246, 169)
(237, 182)
(242, 184)
(249, 185)
(256, 183)
(262, 180)
(206, 146)
(212, 141)
(220, 140)
(228, 144)
(221, 146)
(213, 147)
(267, 141)
(274, 136)
(281, 136)
(288, 139)
(282, 141)
(274, 142)
(230, 212)
(237, 203)
(245, 199)
(251, 200)
(258, 198)
(269, 201)
(278, 209)
(271, 219)
(261, 224)
(254, 225)
(247, 225)
(238, 221)
(235, 211)
(246, 205)
(252, 205)
(259, 204)
(274, 209)
(260, 214)
(253, 215)
(246, 215)
