(182, 153)
(184, 170)
(188, 186)
(192, 203)
(197, 219)
(206, 235)
(219, 248)
(237, 256)
(257, 258)
(277, 254)
(293, 244)
(305, 231)
(312, 214)
(316, 196)
(318, 178)
(321, 160)
(321, 141)
(192, 127)
(198, 119)
(208, 115)
(220, 116)
(230, 120)
(257, 115)
(268, 110)
(281, 108)
(293, 110)
(301, 118)
(246, 135)
(246, 146)
(246, 157)
(246, 168)
(236, 181)
(242, 183)
(249, 185)
(256, 182)
(262, 180)
(205, 145)
(212, 140)
(220, 140)
(228, 143)
(221, 146)
(212, 147)
(267, 140)
(274, 135)
(282, 135)
(289, 138)
(283, 141)
(275, 142)
(229, 212)
(236, 202)
(244, 198)
(251, 199)
(259, 197)
(269, 200)
(280, 209)
(272, 220)
(262, 225)
(253, 226)
(246, 226)
(237, 222)
(233, 212)
(245, 205)
(252, 205)
(259, 204)
(275, 209)
(260, 215)
(252, 216)
(245, 216)
