(182, 152)
(184, 170)
(188, 186)
(192, 203)
(197, 219)
(205, 235)
(219, 247)
(237, 255)
(257, 258)
(277, 253)
(294, 243)
(306, 230)
(312, 213)
(316, 194)
(318, 177)
(320, 159)
(320, 141)
(192, 127)
(198, 118)
(208, 115)
(219, 116)
(229, 119)
(257, 115)
(268, 109)
(281, 107)
(292, 109)
(301, 117)
(246, 134)
(246, 145)
(246, 156)
(247, 167)
(237, 181)
(243, 183)
(249, 184)
(256, 182)
(262, 179)
(206, 145)
(212, 140)
(220, 140)
(228, 143)
(221, 146)
(213, 147)
(267, 140)
(274, 135)
(282, 134)
(288, 138)
(283, 141)
(275, 141)
(228, 211)
(236, 202)
(245, 197)
(252, 199)
(259, 197)
(270, 200)
(281, 208)
(272, 220)
(262, 225)
(254, 226)
(246, 225)
(237, 222)
(233, 211)
(246, 204)
(252, 204)
(260, 203)
(276, 208)
(261, 215)
(253, 216)
(246, 216)
