(182, 153)
(184, 171)
(188, 187)
(192, 204)
(197, 220)
(206, 235)
(219, 247)
(237, 255)
(257, 257)
(277, 252)
(294, 243)
(305, 231)
(312, 214)
(315, 196)
(318, 179)
(321, 161)
(320, 142)
(192, 127)
(198, 119)
(209, 115)
(220, 116)
(230, 120)
(257, 116)
(269, 110)
(281, 108)
(293, 110)
(301, 118)
(246, 134)
(246, 145)
(246, 156)
(247, 167)
(237, 181)
(243, 183)
(249, 184)
(256, 182)
(262, 179)
(206, 145)
(212, 140)
(220, 139)
(228, 143)
(221, 146)
(212, 147)
(267, 140)
(274, 135)
(282, 134)
(289, 138)
(283, 141)
(275, 142)
(228, 212)
(236, 202)
(245, 197)
(252, 198)
(259, 197)
(269, 200)
(280, 208)
(272, 219)
(262, 224)
(254, 225)
(246, 225)
(237, 221)
(233, 211)
(245, 204)
(252, 204)
(259, 203)
(276, 208)
(261, 214)
(253, 215)
(246, 215)
