(182, 153)
(184, 170)
(188, 187)
(192, 203)
(197, 220)
(206, 235)
(219, 247)
(236, 255)
(257, 257)
(277, 253)
(294, 243)
(306, 230)
(312, 214)
(315, 196)
(318, 178)
(321, 160)
(321, 142)
(193, 127)
(199, 119)
(209, 116)
(220, 117)
(230, 120)
(257, 116)
(269, 110)
(281, 108)
(293, 110)
(301, 118)
(246, 134)
(246, 145)
(246, 156)
(247, 167)
(237, 181)
(242, 183)
(249, 184)
(256, 182)
(262, 179)
(206, 145)
(212, 140)
(220, 139)
(228, 143)
(221, 146)
(212, 147)
(267, 140)
(274, 135)
(282, 134)
(289, 138)
(283, 141)
(275, 141)
(229, 212)
(236, 202)
(245, 198)
(251, 199)
(259, 197)
(269, 200)
(280, 208)
(271, 219)
(261, 223)
(253, 225)
(246, 225)
(237, 221)
(233, 212)
(246, 204)
(252, 204)
(260, 203)
(276, 208)
(260, 214)
(252, 215)
(246, 216)
