(182, 154)
(184, 172)
(188, 188)
(193, 205)
(198, 221)
(206, 236)
(219, 248)
(237, 255)
(257, 257)
(277, 253)
(294, 243)
(305, 230)
(312, 214)
(315, 196)
(318, 178)
(320, 160)
(320, 142)
(192, 129)
(198, 120)
(208, 117)
(219, 117)
(230, 121)
(257, 116)
(268, 110)
(280, 109)
(292, 111)
(300, 119)
(246, 136)
(246, 146)
(246, 157)
(247, 169)
(237, 182)
(243, 184)
(249, 185)
(256, 183)
(262, 180)
(205, 146)
(212, 140)
(220, 140)
(228, 144)
(221, 147)
(212, 148)
(266, 141)
(274, 135)
(282, 135)
(288, 138)
(283, 141)
(275, 142)
(229, 212)
(236, 203)
(245, 199)
(251, 200)
(259, 198)
(269, 201)
(280, 208)
(271, 218)
(261, 223)
(253, 224)
(246, 224)
(237, 221)
(232, 212)
(245, 205)
(252, 205)
(259, 204)
(276, 208)
(260, 214)
(252, 215)
(245, 216)
