(181, 154)
(184, 171)
(188, 188)
(193, 204)
(198, 221)
(206, 236)
(219, 248)
(237, 256)
(257, 258)
(277, 253)
(293, 244)
(305, 231)
(312, 214)
(315, 197)
(318, 179)
(320, 161)
(321, 142)
(192, 129)
(199, 121)
(209, 117)
(220, 118)
(230, 121)
(257, 117)
(268, 111)
(280, 109)
(292, 112)
(301, 120)
(246, 136)
(246, 147)
(246, 159)
(247, 170)
(237, 183)
(242, 185)
(249, 186)
(256, 184)
(262, 181)
(205, 147)
(212, 141)
(220, 141)
(228, 145)
(221, 148)
(212, 149)
(266, 142)
(274, 136)
(282, 135)
(289, 139)
(283, 142)
(275, 143)
(229, 213)
(237, 204)
(245, 200)
(252, 201)
(259, 199)
(269, 202)
(279, 208)
(270, 218)
(261, 224)
(253, 225)
(246, 225)
(238, 222)
(233, 213)
(246, 207)
(252, 206)
(260, 205)
(275, 209)
(260, 215)
(252, 216)
(246, 216)
