(181, 153)
(183, 171)
(188, 187)
(193, 204)
(198, 221)
(207, 236)
(220, 249)
(237, 256)
(257, 258)
(277, 253)
(293, 243)
(305, 230)
(312, 213)
(315, 195)
(317, 177)
(320, 159)
(320, 140)
(192, 129)
(198, 120)
(209, 117)
(220, 118)
(230, 122)
(256, 117)
(267, 111)
(279, 109)
(291, 111)
(300, 119)
(245, 136)
(246, 148)
(246, 159)
(247, 171)
(237, 183)
(243, 186)
(249, 187)
(256, 184)
(261, 181)
(206, 147)
(212, 144)
(220, 143)
(228, 145)
(221, 148)
(213, 149)
(265, 142)
(272, 138)
(280, 138)
(287, 140)
(281, 143)
(273, 143)
(230, 214)
(239, 206)
(246, 202)
(252, 203)
(259, 201)
(268, 203)
(278, 208)
(269, 218)
(261, 223)
(254, 225)
(247, 225)
(239, 222)
(235, 214)
(247, 208)
(253, 208)
(259, 207)
(273, 209)
(260, 214)
(253, 215)
(247, 216)
