(182, 154)
(184, 171)
(188, 188)
(193, 205)
(199, 221)
(208, 236)
(222, 248)
(240, 256)
(260, 257)
(279, 252)
(295, 242)
(306, 228)
(313, 210)
(316, 191)
(319, 173)
(320, 155)
(319, 137)
(191, 131)
(197, 122)
(208, 118)
(220, 119)
(231, 123)
(252, 119)
(264, 112)
(277, 108)
(291, 110)
(300, 118)
(245, 137)
(245, 148)
(245, 159)
(246, 171)
(237, 184)
(242, 186)
(249, 187)
(255, 184)
(261, 181)
(205, 149)
(211, 146)
(220, 145)
(229, 146)
(221, 150)
(212, 151)
(264, 142)
(271, 137)
(280, 136)
(288, 138)
(281, 142)
(272, 143)
(232, 214)
(240, 207)
(247, 203)
(252, 204)
(258, 202)
(267, 204)
(277, 208)
(269, 216)
(261, 220)
(254, 221)
(248, 221)
(241, 220)
(236, 213)
(247, 209)
(253, 209)
(259, 208)
(273, 209)
(260, 211)
(253, 212)
(247, 212)
