(182, 157)
(184, 173)
(189, 189)
(194, 205)
(199, 221)
(208, 236)
(221, 248)
(239, 255)
(258, 257)
(278, 252)
(294, 242)
(306, 228)
(312, 211)
(315, 192)
(318, 175)
(319, 157)
(317, 138)
(191, 132)
(197, 123)
(207, 118)
(219, 118)
(229, 123)
(253, 118)
(265, 112)
(278, 109)
(290, 111)
(299, 119)
(244, 136)
(244, 148)
(245, 159)
(245, 170)
(237, 183)
(242, 186)
(249, 186)
(255, 184)
(261, 180)
(206, 149)
(212, 145)
(220, 144)
(229, 146)
(221, 149)
(213, 151)
(264, 141)
(271, 136)
(279, 136)
(287, 138)
(281, 141)
(272, 142)
(231, 214)
(240, 207)
(247, 203)
(252, 204)
(258, 201)
(266, 204)
(277, 208)
(268, 215)
(261, 218)
(254, 219)
(249, 219)
(241, 219)
(235, 213)
(248, 209)
(253, 209)
(259, 207)
(272, 208)
(259, 209)
(253, 210)
(248, 211)
