(181, 152)
(183, 170)
(188, 186)
(193, 204)
(199, 220)
(208, 236)
(221, 249)
(240, 257)
(260, 259)
(279, 253)
(295, 243)
(306, 229)
(313, 211)
(316, 192)
(319, 174)
(319, 156)
(318, 137)
(191, 129)
(197, 120)
(207, 116)
(219, 117)
(230, 122)
(253, 118)
(265, 111)
(277, 109)
(290, 111)
(298, 119)
(244, 136)
(245, 147)
(245, 158)
(246, 170)
(237, 183)
(242, 185)
(249, 186)
(255, 184)
(261, 180)
(205, 149)
(212, 148)
(219, 147)
(228, 145)
(221, 149)
(213, 151)
(263, 142)
(271, 141)
(278, 141)
(286, 141)
(279, 144)
(271, 144)
(232, 214)
(240, 207)
(247, 203)
(253, 204)
(258, 202)
(266, 204)
(276, 209)
(268, 217)
(261, 220)
(255, 221)
(249, 222)
(242, 220)
(237, 213)
(248, 209)
(253, 209)
(259, 208)
(272, 209)
(260, 211)
(254, 212)
(249, 212)
