(181, 153)
(183, 171)
(188, 188)
(194, 205)
(200, 222)
(209, 237)
(222, 250)
(240, 259)
(260, 260)
(280, 255)
(295, 244)
(306, 229)
(312, 211)
(316, 192)
(318, 175)
(320, 156)
(319, 138)
(191, 128)
(198, 120)
(208, 116)
(219, 117)
(229, 121)
(255, 117)
(265, 110)
(277, 108)
(289, 110)
(298, 117)
(245, 136)
(245, 147)
(246, 158)
(246, 170)
(237, 183)
(243, 185)
(249, 186)
(255, 183)
(261, 180)
(205, 148)
(212, 145)
(219, 144)
(228, 145)
(220, 148)
(213, 150)
(264, 141)
(272, 139)
(279, 139)
(287, 140)
(280, 143)
(273, 143)
(233, 215)
(240, 207)
(248, 202)
(253, 202)
(258, 200)
(267, 203)
(277, 209)
(270, 218)
(262, 223)
(255, 224)
(249, 224)
(242, 223)
(237, 214)
(248, 209)
(253, 209)
(259, 207)
(272, 209)
(260, 213)
(254, 214)
(249, 214)
