(181, 152)
(183, 170)
(188, 187)
(193, 204)
(199, 220)
(208, 236)
(221, 248)
(239, 257)
(259, 259)
(278, 253)
(295, 243)
(306, 229)
(313, 211)
(316, 193)
(318, 176)
(320, 158)
(319, 139)
(191, 128)
(197, 119)
(207, 116)
(219, 117)
(229, 121)
(255, 116)
(266, 110)
(279, 108)
(291, 110)
(300, 118)
(245, 136)
(245, 147)
(246, 159)
(246, 170)
(237, 183)
(242, 186)
(249, 187)
(255, 184)
(261, 181)
(205, 147)
(211, 144)
(219, 143)
(227, 144)
(220, 148)
(212, 149)
(265, 141)
(272, 138)
(280, 138)
(287, 139)
(281, 142)
(273, 143)
(231, 214)
(239, 205)
(246, 201)
(252, 202)
(259, 199)
(268, 202)
(277, 208)
(270, 218)
(262, 223)
(255, 224)
(248, 224)
(240, 221)
(236, 213)
(247, 208)
(253, 207)
(259, 206)
(272, 208)
(260, 212)
(254, 214)
(247, 214)
