(181, 154)
(184, 172)
(189, 189)
(193, 206)
(199, 222)
(208, 237)
(221, 249)
(239, 257)
(259, 259)
(278, 253)
(294, 243)
(306, 230)
(313, 213)
(316, 195)
(318, 177)
(320, 159)
(320, 140)
(190, 129)
(197, 120)
(208, 117)
(220, 118)
(230, 122)
(255, 117)
(267, 111)
(279, 109)
(291, 111)
(300, 119)
(245, 136)
(245, 148)
(246, 159)
(246, 171)
(237, 183)
(242, 186)
(249, 187)
(255, 184)
(261, 181)
(205, 147)
(211, 143)
(219, 142)
(227, 145)
(220, 148)
(212, 149)
(266, 142)
(273, 137)
(281, 137)
(287, 139)
(281, 142)
(274, 143)
(231, 214)
(238, 205)
(246, 200)
(252, 201)
(259, 199)
(268, 202)
(277, 208)
(270, 218)
(262, 223)
(254, 225)
(248, 225)
(240, 222)
(236, 213)
(247, 207)
(253, 207)
(260, 206)
(272, 208)
(260, 212)
(253, 214)
(247, 214)
