(182, 154)
(184, 171)
(189, 187)
(193, 204)
(198, 220)
(207, 236)
(220, 248)
(237, 256)
(257, 258)
(276, 253)
(293, 243)
(305, 231)
(312, 214)
(315, 196)
(317, 178)
(320, 160)
(319, 141)
(191, 131)
(197, 122)
(208, 118)
(220, 119)
(230, 123)
(255, 118)
(266, 112)
(279, 110)
(292, 113)
(301, 121)
(245, 137)
(245, 149)
(245, 160)
(246, 173)
(237, 185)
(242, 187)
(248, 188)
(255, 185)
(261, 182)
(205, 147)
(211, 143)
(219, 142)
(228, 146)
(220, 148)
(212, 149)
(266, 142)
(273, 137)
(281, 137)
(288, 140)
(282, 143)
(274, 143)
(230, 214)
(238, 206)
(245, 202)
(251, 203)
(258, 200)
(267, 203)
(276, 208)
(270, 218)
(261, 224)
(254, 225)
(247, 225)
(239, 222)
(235, 213)
(245, 209)
(252, 209)
(259, 207)
(272, 208)
(260, 212)
(253, 214)
(246, 214)
