(182, 154)
(184, 171)
(189, 187)
(193, 204)
(198, 220)
(206, 236)
(219, 248)
(237, 257)
(257, 259)
(276, 254)
(293, 244)
(305, 231)
(312, 214)
(315, 196)
(318, 178)
(321, 160)
(320, 142)
(192, 131)
(198, 123)
(208, 120)
(219, 120)
(230, 124)
(255, 120)
(267, 114)
(279, 112)
(292, 114)
(301, 122)
(245, 138)
(246, 150)
(246, 162)
(246, 174)
(237, 185)
(242, 188)
(249, 189)
(255, 186)
(261, 183)
(205, 148)
(212, 143)
(220, 143)
(228, 147)
(220, 149)
(212, 150)
(266, 143)
(274, 138)
(281, 138)
(288, 141)
(282, 144)
(274, 144)
(231, 215)
(239, 208)
(247, 204)
(252, 204)
(258, 202)
(267, 204)
(276, 209)
(269, 218)
(261, 223)
(254, 225)
(248, 225)
(240, 222)
(236, 214)
(247, 210)
(253, 210)
(259, 209)
(272, 209)
(260, 213)
(253, 214)
(247, 214)
