(183, 155)
(185, 172)
(190, 189)
(194, 206)
(199, 222)
(207, 237)
(220, 249)
(237, 257)
(257, 259)
(276, 255)
(292, 245)
(305, 232)
(312, 215)
(315, 197)
(318, 179)
(321, 161)
(321, 143)
(192, 132)
(198, 123)
(209, 120)
(220, 120)
(231, 124)
(255, 120)
(267, 114)
(280, 112)
(293, 115)
(302, 123)
(246, 139)
(246, 151)
(246, 162)
(247, 175)
(238, 186)
(243, 189)
(249, 190)
(256, 187)
(262, 184)
(206, 149)
(212, 144)
(220, 143)
(229, 147)
(221, 150)
(213, 151)
(266, 144)
(274, 138)
(282, 138)
(289, 141)
(283, 144)
(275, 145)
(232, 216)
(240, 209)
(248, 205)
(253, 207)
(259, 204)
(267, 207)
(276, 211)
(268, 218)
(261, 222)
(254, 223)
(248, 223)
(241, 221)
(236, 215)
(248, 212)
(253, 212)
(259, 210)
(272, 211)
(259, 212)
(253, 214)
(248, 213)
