(183, 155)
(185, 173)
(190, 189)
(195, 206)
(200, 222)
(208, 237)
(221, 250)
(239, 258)
(258, 260)
(278, 255)
(294, 245)
(306, 232)
(312, 215)
(315, 197)
(318, 180)
(321, 162)
(320, 143)
(192, 132)
(198, 123)
(209, 120)
(220, 120)
(230, 125)
(256, 120)
(268, 114)
(281, 112)
(294, 115)
(303, 123)
(246, 139)
(246, 151)
(247, 163)
(247, 175)
(238, 187)
(243, 190)
(250, 191)
(256, 188)
(262, 185)
(206, 149)
(212, 143)
(221, 143)
(229, 147)
(221, 150)
(213, 151)
(266, 144)
(274, 138)
(282, 138)
(289, 141)
(283, 145)
(275, 145)
(232, 216)
(241, 210)
(248, 206)
(253, 207)
(259, 205)
(267, 207)
(277, 211)
(269, 218)
(261, 222)
(255, 224)
(249, 223)
(242, 221)
(237, 216)
(249, 212)
(254, 212)
(260, 211)
(273, 211)
(260, 213)
(254, 214)
(249, 214)
