(184, 155)
(186, 173)
(190, 189)
(195, 205)
(200, 222)
(208, 237)
(221, 249)
(238, 258)
(258, 260)
(277, 255)
(294, 246)
(306, 233)
(313, 215)
(316, 197)
(319, 179)
(321, 162)
(321, 143)
(192, 133)
(198, 123)
(209, 120)
(220, 120)
(230, 125)
(256, 120)
(268, 114)
(281, 112)
(293, 115)
(303, 123)
(246, 139)
(246, 151)
(247, 163)
(247, 175)
(238, 187)
(244, 189)
(250, 191)
(257, 188)
(263, 185)
(206, 149)
(212, 143)
(221, 143)
(229, 148)
(222, 150)
(213, 151)
(267, 145)
(274, 139)
(282, 138)
(289, 142)
(283, 145)
(275, 146)
(232, 216)
(241, 210)
(248, 206)
(254, 207)
(260, 205)
(268, 207)
(278, 211)
(270, 219)
(262, 223)
(255, 224)
(249, 224)
(242, 222)
(237, 216)
(249, 212)
(254, 212)
(260, 211)
(274, 211)
(261, 213)
(254, 214)
(249, 214)
