(183, 154)
(185, 172)
(190, 189)
(195, 206)
(200, 222)
(208, 237)
(222, 250)
(239, 258)
(258, 260)
(277, 255)
(294, 245)
(306, 232)
(313, 215)
(316, 197)
(318, 179)
(321, 161)
(321, 143)
(192, 133)
(199, 123)
(209, 120)
(221, 120)
(231, 125)
(257, 120)
(268, 114)
(281, 112)
(294, 115)
(302, 123)
(247, 139)
(247, 150)
(247, 162)
(247, 175)
(238, 186)
(244, 189)
(250, 190)
(256, 188)
(262, 184)
(206, 149)
(213, 143)
(221, 143)
(230, 147)
(222, 150)
(213, 151)
(267, 144)
(274, 138)
(282, 137)
(289, 141)
(284, 144)
(276, 145)
(232, 216)
(241, 209)
(248, 205)
(253, 206)
(259, 204)
(268, 207)
(278, 211)
(270, 218)
(262, 223)
(255, 225)
(249, 224)
(242, 222)
(237, 215)
(248, 212)
(254, 212)
(260, 210)
(273, 211)
(261, 214)
(254, 215)
(249, 215)
