(184, 155)
(186, 172)
(190, 189)
(195, 205)
(200, 221)
(208, 237)
(221, 249)
(238, 258)
(258, 260)
(277, 255)
(293, 245)
(306, 232)
(313, 216)
(316, 198)
(319, 180)
(321, 162)
(321, 143)
(192, 133)
(198, 123)
(209, 120)
(220, 120)
(231, 124)
(257, 120)
(268, 114)
(281, 112)
(294, 115)
(302, 123)
(246, 138)
(247, 150)
(247, 162)
(247, 174)
(238, 186)
(243, 189)
(250, 190)
(257, 187)
(263, 184)
(206, 148)
(213, 142)
(221, 142)
(230, 147)
(222, 150)
(213, 151)
(267, 144)
(275, 137)
(283, 137)
(290, 141)
(284, 144)
(276, 145)
(232, 215)
(240, 208)
(247, 204)
(253, 206)
(259, 204)
(268, 206)
(278, 210)
(270, 218)
(262, 223)
(255, 224)
(249, 224)
(241, 221)
(236, 214)
(248, 211)
(254, 211)
(260, 210)
(274, 210)
(261, 213)
(254, 214)
(248, 214)
