(184, 154)
(186, 171)
(190, 188)
(194, 204)
(199, 221)
(207, 236)
(221, 249)
(238, 258)
(257, 260)
(276, 256)
(292, 246)
(305, 233)
(312, 217)
(316, 199)
(319, 180)
(321, 162)
(321, 143)
(192, 132)
(198, 123)
(209, 119)
(221, 120)
(231, 124)
(256, 120)
(268, 114)
(281, 112)
(294, 114)
(303, 123)
(246, 139)
(246, 150)
(247, 162)
(247, 174)
(237, 186)
(243, 189)
(249, 190)
(256, 187)
(262, 184)
(206, 148)
(212, 142)
(221, 142)
(229, 147)
(221, 149)
(213, 150)
(267, 144)
(274, 137)
(282, 136)
(289, 141)
(283, 144)
(275, 145)
(231, 215)
(239, 208)
(247, 203)
(252, 204)
(259, 203)
(268, 205)
(278, 210)
(270, 220)
(261, 225)
(254, 226)
(248, 226)
(240, 222)
(236, 214)
(247, 210)
(253, 210)
(260, 209)
(274, 210)
(260, 215)
(253, 216)
(247, 216)
