(184, 156)
(186, 173)
(190, 190)
(195, 206)
(200, 223)
(208, 238)
(221, 250)
(238, 259)
(258, 262)
(277, 257)
(293, 246)
(306, 233)
(312, 216)
(316, 198)
(319, 181)
(322, 163)
(321, 144)
(193, 132)
(199, 123)
(210, 120)
(221, 120)
(231, 125)
(256, 120)
(267, 114)
(280, 112)
(293, 115)
(302, 123)
(246, 139)
(247, 151)
(247, 163)
(247, 175)
(237, 187)
(243, 189)
(249, 190)
(256, 188)
(262, 185)
(206, 148)
(213, 142)
(221, 142)
(229, 147)
(222, 150)
(213, 150)
(267, 144)
(275, 137)
(283, 137)
(290, 141)
(284, 144)
(276, 145)
(231, 215)
(238, 207)
(246, 203)
(252, 204)
(259, 203)
(268, 205)
(279, 211)
(270, 221)
(261, 227)
(254, 229)
(247, 228)
(239, 224)
(235, 215)
(246, 210)
(253, 210)
(260, 209)
(274, 211)
(260, 217)
(253, 218)
(246, 218)
