(183, 155)
(185, 173)
(190, 190)
(194, 206)
(199, 223)
(208, 239)
(221, 252)
(238, 261)
(257, 263)
(276, 258)
(292, 248)
(305, 235)
(312, 218)
(315, 199)
(318, 181)
(321, 163)
(322, 144)
(193, 133)
(199, 124)
(210, 120)
(221, 121)
(231, 125)
(257, 121)
(268, 114)
(281, 112)
(293, 115)
(303, 123)
(246, 139)
(247, 151)
(247, 163)
(247, 175)
(238, 187)
(243, 190)
(250, 191)
(256, 188)
(262, 185)
(206, 149)
(212, 142)
(221, 142)
(230, 148)
(222, 150)
(213, 151)
(267, 144)
(275, 137)
(283, 136)
(290, 141)
(284, 144)
(276, 145)
(231, 216)
(238, 208)
(246, 204)
(252, 205)
(259, 203)
(269, 206)
(279, 212)
(271, 223)
(261, 229)
(254, 231)
(247, 231)
(239, 227)
(235, 216)
(247, 210)
(253, 210)
(260, 209)
(274, 212)
(260, 219)
(253, 220)
(246, 220)
