(184, 156)
(185, 173)
(189, 190)
(194, 206)
(199, 223)
(208, 239)
(221, 252)
(238, 261)
(257, 263)
(276, 259)
(292, 248)
(304, 235)
(311, 218)
(315, 200)
(318, 182)
(321, 163)
(321, 144)
(193, 133)
(199, 124)
(210, 121)
(221, 121)
(231, 126)
(256, 121)
(268, 115)
(281, 112)
(293, 115)
(302, 123)
(246, 140)
(246, 152)
(247, 164)
(247, 176)
(237, 188)
(243, 190)
(249, 191)
(256, 189)
(262, 186)
(206, 149)
(212, 142)
(221, 142)
(229, 148)
(221, 150)
(213, 151)
(267, 144)
(274, 137)
(283, 136)
(289, 141)
(284, 144)
(276, 145)
(230, 217)
(238, 209)
(246, 205)
(252, 205)
(259, 204)
(269, 206)
(279, 212)
(271, 224)
(261, 230)
(254, 232)
(247, 231)
(238, 227)
(234, 217)
(247, 211)
(253, 210)
(260, 209)
(275, 213)
(260, 221)
(253, 222)
(246, 222)
