(184, 155)
(185, 172)
(190, 189)
(194, 206)
(199, 223)
(208, 239)
(220, 252)
(238, 262)
(257, 264)
(276, 259)
(292, 249)
(304, 236)
(311, 219)
(314, 201)
(317, 183)
(321, 164)
(321, 145)
(193, 133)
(199, 124)
(210, 120)
(221, 121)
(231, 126)
(256, 121)
(268, 115)
(281, 113)
(294, 115)
(303, 123)
(246, 140)
(246, 152)
(246, 164)
(247, 176)
(237, 188)
(243, 191)
(249, 192)
(256, 189)
(262, 186)
(206, 149)
(212, 142)
(221, 142)
(229, 148)
(222, 151)
(213, 151)
(267, 145)
(274, 137)
(283, 136)
(290, 141)
(284, 144)
(276, 145)
(230, 217)
(237, 209)
(245, 205)
(252, 206)
(259, 204)
(269, 206)
(279, 212)
(271, 224)
(261, 230)
(254, 232)
(247, 232)
(238, 227)
(234, 217)
(246, 211)
(252, 211)
(260, 210)
(275, 213)
(260, 221)
(253, 222)
(246, 222)
