(183, 156)
(185, 174)
(190, 190)
(195, 207)
(200, 223)
(208, 239)
(221, 252)
(238, 262)
(258, 264)
(277, 259)
(293, 248)
(305, 235)
(311, 218)
(315, 200)
(318, 182)
(321, 164)
(321, 144)
(192, 133)
(199, 124)
(209, 120)
(221, 121)
(231, 126)
(256, 121)
(268, 115)
(281, 112)
(294, 115)
(303, 123)
(246, 140)
(246, 152)
(247, 164)
(247, 176)
(237, 188)
(243, 191)
(249, 192)
(256, 189)
(262, 186)
(206, 149)
(212, 142)
(221, 142)
(229, 148)
(221, 151)
(213, 151)
(267, 145)
(274, 137)
(283, 136)
(290, 141)
(284, 145)
(276, 145)
(230, 217)
(237, 209)
(246, 205)
(252, 206)
(259, 204)
(269, 206)
(280, 212)
(271, 224)
(262, 230)
(254, 231)
(247, 231)
(238, 227)
(234, 217)
(246, 211)
(252, 210)
(259, 209)
(275, 212)
(260, 221)
(253, 222)
(247, 222)
