(183, 155)
(185, 173)
(189, 189)
(194, 206)
(199, 222)
(207, 238)
(220, 252)
(238, 261)
(258, 263)
(278, 258)
(294, 247)
(305, 233)
(312, 216)
(315, 199)
(318, 181)
(321, 163)
(321, 144)
(192, 133)
(198, 124)
(209, 120)
(221, 121)
(231, 125)
(255, 121)
(267, 114)
(280, 112)
(293, 114)
(302, 122)
(246, 140)
(246, 151)
(246, 163)
(247, 176)
(237, 188)
(243, 190)
(249, 192)
(256, 189)
(262, 185)
(206, 149)
(212, 142)
(221, 142)
(229, 148)
(221, 150)
(212, 151)
(267, 144)
(274, 137)
(283, 136)
(290, 140)
(284, 144)
(275, 145)
(230, 217)
(238, 209)
(246, 205)
(252, 205)
(259, 203)
(269, 206)
(280, 212)
(271, 223)
(262, 229)
(254, 231)
(247, 230)
(239, 227)
(234, 217)
(246, 211)
(253, 211)
(260, 210)
(275, 212)
(261, 219)
(253, 221)
(247, 221)
