(183, 155)
(185, 173)
(189, 190)
(194, 206)
(200, 223)
(208, 238)
(222, 251)
(239, 260)
(259, 261)
(278, 256)
(293, 246)
(305, 232)
(312, 215)
(315, 197)
(318, 180)
(321, 162)
(321, 142)
(191, 133)
(198, 124)
(209, 120)
(221, 121)
(231, 125)
(255, 120)
(267, 114)
(280, 112)
(293, 114)
(302, 122)
(246, 138)
(246, 150)
(246, 163)
(247, 175)
(238, 187)
(243, 190)
(250, 191)
(256, 188)
(262, 185)
(206, 148)
(212, 142)
(221, 141)
(229, 147)
(221, 149)
(213, 150)
(267, 143)
(274, 136)
(282, 135)
(289, 140)
(284, 143)
(275, 144)
(231, 216)
(239, 209)
(247, 205)
(253, 206)
(259, 204)
(269, 206)
(279, 211)
(271, 221)
(262, 227)
(255, 228)
(249, 228)
(240, 225)
(236, 216)
(248, 212)
(254, 211)
(260, 210)
(274, 211)
(261, 217)
(254, 218)
(248, 218)
