(182, 157)
(184, 175)
(189, 191)
(195, 207)
(200, 223)
(209, 237)
(222, 250)
(239, 258)
(259, 260)
(278, 255)
(293, 245)
(305, 231)
(311, 215)
(315, 197)
(317, 180)
(320, 162)
(319, 144)
(191, 133)
(197, 123)
(208, 119)
(220, 120)
(230, 124)
(255, 120)
(267, 114)
(280, 111)
(292, 114)
(301, 123)
(246, 138)
(246, 150)
(246, 162)
(247, 175)
(238, 187)
(243, 189)
(249, 190)
(256, 188)
(262, 185)
(205, 148)
(211, 141)
(220, 141)
(229, 147)
(221, 149)
(212, 150)
(266, 143)
(274, 136)
(282, 135)
(289, 140)
(284, 143)
(275, 144)
(232, 216)
(240, 210)
(248, 206)
(253, 207)
(259, 205)
(268, 207)
(278, 211)
(270, 220)
(261, 225)
(255, 226)
(249, 226)
(241, 224)
(236, 216)
(248, 212)
(254, 212)
(259, 211)
(273, 211)
(260, 215)
(254, 216)
(249, 216)
