(182, 155)
(184, 172)
(189, 189)
(194, 206)
(200, 222)
(208, 236)
(222, 248)
(239, 257)
(258, 259)
(277, 254)
(293, 244)
(305, 231)
(311, 214)
(315, 196)
(317, 178)
(320, 161)
(319, 142)
(191, 133)
(197, 123)
(208, 119)
(220, 119)
(230, 124)
(255, 120)
(266, 114)
(279, 112)
(292, 114)
(301, 123)
(245, 138)
(246, 150)
(246, 162)
(246, 174)
(238, 187)
(243, 189)
(249, 190)
(256, 187)
(261, 184)
(205, 148)
(211, 142)
(220, 141)
(228, 146)
(220, 149)
(212, 150)
(266, 143)
(273, 136)
(282, 135)
(289, 139)
(283, 143)
(274, 144)
(231, 216)
(240, 210)
(247, 206)
(252, 207)
(258, 205)
(267, 207)
(277, 211)
(269, 218)
(261, 223)
(254, 224)
(248, 224)
(241, 222)
(235, 215)
(247, 212)
(253, 212)
(259, 211)
(273, 211)
(260, 213)
(253, 214)
(248, 214)
