(182, 156)
(184, 173)
(189, 189)
(194, 206)
(200, 221)
(208, 236)
(221, 248)
(239, 257)
(258, 259)
(277, 254)
(293, 244)
(305, 231)
(312, 214)
(315, 196)
(318, 179)
(320, 161)
(320, 143)
(191, 132)
(197, 122)
(207, 119)
(219, 119)
(229, 123)
(255, 119)
(267, 113)
(280, 111)
(292, 113)
(301, 122)
(245, 138)
(246, 150)
(246, 162)
(246, 174)
(238, 186)
(243, 188)
(249, 190)
(255, 187)
(261, 184)
(205, 148)
(211, 142)
(220, 142)
(228, 147)
(220, 150)
(212, 151)
(266, 143)
(273, 137)
(282, 136)
(289, 140)
(283, 144)
(274, 145)
(232, 215)
(240, 209)
(247, 204)
(252, 206)
(258, 204)
(267, 206)
(277, 210)
(269, 219)
(261, 223)
(254, 224)
(248, 223)
(241, 221)
(236, 214)
(247, 212)
(253, 212)
(259, 210)
(273, 210)
(259, 212)
(253, 214)
(247, 213)
