(182, 155)
(185, 173)
(189, 189)
(194, 206)
(200, 221)
(208, 236)
(222, 248)
(239, 256)
(258, 258)
(277, 253)
(293, 243)
(305, 230)
(312, 214)
(315, 196)
(317, 178)
(320, 161)
(320, 142)
(191, 131)
(197, 122)
(208, 118)
(219, 119)
(230, 123)
(256, 119)
(267, 113)
(280, 111)
(292, 114)
(301, 122)
(246, 138)
(246, 150)
(246, 161)
(246, 174)
(237, 186)
(243, 188)
(249, 189)
(256, 187)
(262, 184)
(205, 148)
(211, 142)
(220, 142)
(228, 146)
(221, 149)
(212, 150)
(266, 143)
(273, 137)
(282, 137)
(289, 140)
(283, 144)
(274, 145)
(231, 214)
(240, 208)
(247, 204)
(252, 205)
(258, 203)
(267, 205)
(277, 210)
(269, 217)
(261, 222)
(254, 223)
(249, 223)
(241, 220)
(235, 214)
(248, 211)
(253, 211)
(259, 209)
(272, 210)
(259, 212)
(253, 213)
(248, 213)
