(182, 154)
(184, 171)
(189, 188)
(193, 204)
(199, 220)
(207, 235)
(220, 247)
(237, 255)
(256, 258)
(276, 253)
(292, 243)
(305, 231)
(312, 214)
(315, 196)
(317, 178)
(319, 160)
(319, 142)
(191, 132)
(197, 122)
(208, 119)
(219, 119)
(230, 123)
(255, 119)
(267, 113)
(280, 111)
(292, 114)
(301, 123)
(245, 138)
(245, 149)
(246, 161)
(246, 173)
(237, 185)
(242, 188)
(248, 189)
(255, 186)
(261, 183)
(205, 148)
(211, 142)
(219, 142)
(228, 146)
(220, 149)
(212, 150)
(266, 143)
(273, 137)
(281, 137)
(289, 140)
(283, 144)
(274, 144)
(230, 214)
(239, 208)
(246, 203)
(252, 204)
(258, 203)
(267, 205)
(277, 209)
(269, 217)
(261, 221)
(254, 222)
(247, 222)
(240, 220)
(235, 213)
(246, 210)
(252, 210)
(259, 209)
(272, 209)
(259, 211)
(253, 213)
(247, 213)
