(182, 155)
(184, 172)
(189, 188)
(193, 205)
(198, 221)
(207, 236)
(220, 248)
(238, 256)
(258, 258)
(277, 253)
(293, 243)
(305, 230)
(311, 214)
(314, 196)
(317, 179)
(320, 161)
(319, 143)
(191, 132)
(197, 122)
(208, 118)
(219, 119)
(230, 123)
(255, 119)
(266, 112)
(279, 111)
(292, 113)
(301, 122)
(245, 138)
(246, 149)
(246, 161)
(246, 173)
(237, 186)
(243, 188)
(249, 189)
(256, 186)
(261, 183)
(205, 148)
(211, 142)
(220, 142)
(228, 147)
(220, 150)
(212, 151)
(266, 143)
(273, 137)
(281, 136)
(288, 140)
(283, 144)
(274, 144)
(230, 215)
(239, 208)
(246, 203)
(252, 204)
(258, 203)
(267, 205)
(278, 209)
(269, 218)
(261, 223)
(254, 224)
(248, 224)
(240, 222)
(235, 214)
(247, 210)
(253, 210)
(259, 209)
(273, 209)
(260, 213)
(253, 214)
(247, 214)
