(182, 156)
(184, 173)
(189, 190)
(194, 206)
(199, 222)
(207, 237)
(221, 250)
(238, 257)
(258, 259)
(278, 254)
(294, 244)
(306, 231)
(312, 214)
(315, 197)
(317, 179)
(320, 162)
(320, 143)
(192, 131)
(198, 122)
(208, 118)
(220, 118)
(230, 123)
(255, 119)
(267, 112)
(279, 111)
(292, 113)
(300, 122)
(245, 138)
(246, 150)
(246, 162)
(246, 174)
(237, 186)
(242, 188)
(249, 190)
(255, 187)
(262, 184)
(205, 149)
(212, 143)
(220, 143)
(228, 147)
(221, 150)
(212, 151)
(266, 144)
(273, 138)
(281, 138)
(288, 141)
(282, 144)
(274, 145)
(231, 216)
(238, 207)
(246, 203)
(252, 204)
(259, 202)
(268, 205)
(278, 211)
(270, 221)
(261, 226)
(254, 228)
(247, 227)
(239, 224)
(235, 215)
(246, 210)
(253, 210)
(259, 209)
(274, 211)
(260, 216)
(253, 217)
(246, 217)
