(181, 154)
(184, 172)
(188, 189)
(194, 206)
(200, 223)
(209, 239)
(221, 251)
(239, 260)
(259, 261)
(279, 256)
(295, 246)
(306, 232)
(312, 214)
(315, 196)
(319, 178)
(321, 159)
(320, 140)
(193, 130)
(199, 122)
(209, 119)
(220, 119)
(230, 123)
(255, 119)
(266, 113)
(278, 111)
(290, 113)
(300, 119)
(245, 139)
(246, 151)
(246, 162)
(246, 174)
(237, 187)
(242, 189)
(249, 190)
(256, 187)
(262, 185)
(206, 151)
(213, 149)
(220, 149)
(229, 149)
(221, 152)
(214, 153)
(265, 146)
(272, 144)
(280, 144)
(287, 144)
(281, 147)
(273, 148)
(230, 216)
(238, 207)
(246, 203)
(252, 204)
(259, 202)
(270, 205)
(280, 211)
(272, 224)
(263, 229)
(254, 231)
(247, 230)
(239, 226)
(234, 216)
(246, 210)
(253, 210)
(260, 209)
(276, 212)
(261, 219)
(253, 220)
(246, 220)
