(182, 153)
(184, 170)
(189, 187)
(194, 205)
(199, 222)
(208, 238)
(221, 251)
(239, 260)
(260, 262)
(279, 257)
(295, 246)
(306, 232)
(312, 214)
(316, 195)
(319, 178)
(321, 159)
(321, 140)
(192, 131)
(198, 122)
(208, 119)
(220, 119)
(230, 123)
(254, 119)
(266, 113)
(279, 111)
(292, 113)
(301, 121)
(245, 139)
(246, 151)
(246, 163)
(246, 174)
(237, 187)
(242, 189)
(249, 191)
(256, 188)
(262, 185)
(205, 152)
(212, 151)
(220, 150)
(229, 149)
(221, 153)
(213, 154)
(264, 146)
(272, 144)
(280, 144)
(288, 144)
(281, 147)
(273, 148)
(229, 217)
(237, 208)
(245, 204)
(252, 205)
(259, 203)
(270, 205)
(282, 212)
(273, 225)
(263, 231)
(255, 232)
(247, 232)
(238, 228)
(233, 217)
(246, 210)
(253, 210)
(260, 209)
(277, 212)
(261, 221)
(253, 222)
(247, 221)
