(182, 154)
(184, 171)
(189, 189)
(193, 206)
(199, 223)
(207, 239)
(220, 252)
(238, 261)
(259, 263)
(279, 258)
(295, 248)
(306, 234)
(312, 216)
(315, 197)
(318, 179)
(321, 161)
(321, 142)
(193, 130)
(199, 122)
(209, 118)
(220, 118)
(230, 123)
(256, 119)
(267, 113)
(279, 111)
(291, 114)
(300, 121)
(246, 140)
(246, 151)
(246, 163)
(247, 175)
(237, 187)
(243, 190)
(249, 191)
(256, 189)
(262, 186)
(206, 151)
(212, 149)
(220, 148)
(229, 149)
(221, 152)
(213, 153)
(265, 146)
(273, 143)
(281, 143)
(288, 144)
(281, 147)
(274, 148)
(229, 217)
(237, 208)
(245, 205)
(252, 205)
(259, 204)
(270, 206)
(281, 212)
(273, 225)
(262, 231)
(254, 232)
(247, 232)
(238, 228)
(233, 217)
(246, 211)
(252, 211)
(260, 210)
(277, 213)
(261, 221)
(253, 222)
(247, 222)
