(182, 154)
(184, 171)
(188, 188)
(193, 205)
(198, 222)
(207, 238)
(220, 252)
(238, 261)
(259, 263)
(279, 258)
(295, 247)
(306, 234)
(312, 216)
(315, 198)
(317, 180)
(320, 162)
(320, 143)
(193, 132)
(199, 123)
(208, 119)
(219, 119)
(229, 124)
(256, 120)
(267, 114)
(280, 112)
(292, 115)
(301, 122)
(246, 140)
(246, 152)
(246, 164)
(247, 176)
(237, 188)
(243, 190)
(249, 191)
(256, 189)
(262, 186)
(206, 151)
(212, 147)
(220, 146)
(228, 149)
(221, 152)
(213, 153)
(266, 146)
(273, 142)
(281, 141)
(288, 144)
(282, 147)
(274, 147)
(229, 217)
(237, 209)
(245, 205)
(252, 206)
(259, 204)
(270, 207)
(281, 213)
(272, 225)
(262, 231)
(254, 232)
(247, 232)
(238, 228)
(233, 217)
(246, 212)
(252, 211)
(260, 210)
(277, 213)
(261, 221)
(253, 223)
(246, 223)
