(182, 155)
(184, 173)
(189, 190)
(194, 207)
(199, 223)
(208, 240)
(221, 253)
(239, 262)
(259, 264)
(279, 259)
(294, 248)
(306, 234)
(312, 217)
(315, 198)
(317, 180)
(320, 162)
(319, 143)
(192, 132)
(198, 124)
(208, 120)
(220, 120)
(229, 125)
(255, 121)
(266, 115)
(279, 113)
(291, 115)
(300, 122)
(245, 141)
(245, 153)
(246, 165)
(246, 177)
(237, 189)
(242, 191)
(249, 192)
(255, 190)
(262, 187)
(206, 150)
(212, 146)
(220, 146)
(228, 149)
(221, 152)
(213, 153)
(266, 146)
(273, 141)
(281, 140)
(288, 143)
(282, 146)
(274, 147)
(228, 217)
(237, 210)
(245, 206)
(252, 207)
(259, 205)
(270, 207)
(281, 213)
(272, 224)
(262, 230)
(254, 232)
(247, 231)
(238, 228)
(232, 218)
(246, 213)
(252, 213)
(260, 212)
(277, 213)
(261, 221)
(253, 222)
(246, 222)
