(182, 156)
(185, 173)
(189, 190)
(194, 207)
(199, 224)
(208, 239)
(221, 252)
(238, 261)
(259, 263)
(279, 258)
(295, 247)
(306, 233)
(312, 216)
(315, 198)
(317, 180)
(320, 162)
(320, 143)
(192, 133)
(198, 124)
(208, 121)
(220, 120)
(230, 125)
(255, 121)
(266, 115)
(279, 113)
(291, 116)
(300, 123)
(245, 141)
(246, 153)
(246, 165)
(247, 177)
(237, 189)
(243, 192)
(249, 193)
(256, 190)
(262, 187)
(205, 150)
(211, 145)
(220, 145)
(228, 149)
(221, 152)
(212, 153)
(266, 146)
(273, 141)
(281, 140)
(288, 143)
(282, 147)
(274, 147)
(229, 218)
(237, 210)
(245, 206)
(252, 208)
(259, 206)
(269, 208)
(280, 213)
(272, 224)
(262, 229)
(254, 230)
(247, 230)
(238, 227)
(233, 218)
(246, 213)
(252, 213)
(260, 212)
(276, 213)
(261, 220)
(253, 221)
(246, 221)
