(182, 156)
(184, 173)
(189, 190)
(194, 207)
(199, 223)
(208, 239)
(221, 252)
(238, 261)
(258, 263)
(278, 258)
(294, 248)
(306, 234)
(312, 217)
(315, 198)
(317, 180)
(320, 162)
(320, 143)
(192, 132)
(199, 124)
(209, 120)
(220, 121)
(229, 125)
(255, 122)
(267, 115)
(279, 113)
(291, 116)
(301, 123)
(246, 142)
(246, 154)
(246, 166)
(247, 178)
(237, 190)
(242, 192)
(249, 194)
(256, 191)
(262, 188)
(206, 151)
(212, 146)
(220, 145)
(229, 150)
(221, 153)
(212, 154)
(266, 146)
(273, 141)
(281, 140)
(288, 143)
(282, 147)
(274, 148)
(229, 218)
(238, 211)
(246, 207)
(252, 208)
(259, 206)
(269, 208)
(280, 213)
(271, 224)
(262, 229)
(254, 230)
(247, 230)
(239, 227)
(233, 218)
(246, 214)
(253, 214)
(260, 213)
(276, 214)
(260, 220)
(253, 221)
(247, 221)
