(182, 157)
(185, 175)
(189, 191)
(195, 208)
(200, 224)
(208, 240)
(221, 253)
(239, 262)
(259, 264)
(279, 259)
(294, 248)
(306, 234)
(312, 217)
(315, 199)
(317, 181)
(320, 163)
(320, 144)
(192, 134)
(198, 125)
(209, 121)
(220, 122)
(230, 126)
(255, 122)
(266, 116)
(279, 114)
(291, 116)
(301, 124)
(246, 143)
(246, 154)
(246, 166)
(247, 179)
(237, 191)
(243, 193)
(249, 194)
(256, 192)
(262, 189)
(205, 152)
(212, 146)
(220, 145)
(229, 151)
(221, 154)
(212, 154)
(266, 147)
(273, 141)
(282, 140)
(289, 144)
(283, 148)
(274, 149)
(229, 218)
(238, 211)
(246, 208)
(252, 209)
(258, 207)
(269, 209)
(280, 214)
(271, 224)
(261, 229)
(254, 230)
(247, 230)
(239, 227)
(233, 218)
(247, 215)
(253, 214)
(259, 213)
(276, 215)
(260, 220)
(253, 221)
(247, 221)
