(183, 157)
(185, 174)
(190, 191)
(195, 208)
(200, 224)
(208, 240)
(221, 253)
(239, 263)
(259, 264)
(279, 259)
(294, 248)
(306, 234)
(312, 217)
(315, 199)
(317, 181)
(320, 163)
(320, 144)
(192, 134)
(198, 125)
(209, 122)
(220, 122)
(230, 127)
(255, 123)
(266, 117)
(279, 114)
(292, 117)
(301, 124)
(245, 143)
(246, 155)
(246, 167)
(247, 179)
(237, 191)
(242, 193)
(249, 195)
(256, 192)
(262, 189)
(205, 152)
(211, 146)
(220, 146)
(229, 151)
(221, 154)
(212, 155)
(266, 148)
(273, 141)
(282, 140)
(289, 144)
(283, 148)
(274, 149)
(229, 219)
(238, 212)
(246, 208)
(252, 209)
(259, 207)
(269, 209)
(280, 214)
(271, 224)
(262, 229)
(254, 230)
(247, 230)
(239, 227)
(233, 219)
(246, 214)
(253, 214)
(260, 213)
(276, 215)
(260, 221)
(253, 222)
(247, 222)
