(183, 157)
(185, 174)
(189, 191)
(195, 207)
(200, 224)
(208, 240)
(221, 253)
(239, 262)
(259, 264)
(278, 259)
(294, 248)
(306, 234)
(312, 217)
(315, 199)
(317, 181)
(320, 163)
(319, 144)
(192, 135)
(198, 126)
(209, 122)
(220, 123)
(230, 127)
(255, 124)
(266, 117)
(279, 115)
(292, 117)
(301, 125)
(245, 143)
(246, 155)
(246, 167)
(247, 180)
(237, 191)
(243, 194)
(249, 195)
(256, 192)
(262, 189)
(205, 152)
(212, 146)
(220, 146)
(229, 151)
(221, 154)
(212, 155)
(266, 147)
(273, 141)
(281, 140)
(288, 144)
(283, 148)
(274, 149)
(229, 219)
(237, 212)
(245, 209)
(252, 210)
(258, 208)
(269, 210)
(280, 214)
(271, 224)
(261, 229)
(254, 231)
(247, 230)
(238, 227)
(233, 219)
(246, 215)
(252, 215)
(259, 213)
(276, 215)
(260, 220)
(253, 222)
(246, 222)
