(183, 157)
(185, 175)
(190, 192)
(195, 209)
(200, 225)
(209, 241)
(221, 254)
(239, 263)
(259, 264)
(279, 259)
(294, 248)
(305, 235)
(311, 217)
(314, 199)
(317, 181)
(319, 163)
(319, 143)
(192, 135)
(198, 126)
(209, 122)
(220, 123)
(230, 128)
(255, 124)
(266, 118)
(279, 115)
(291, 117)
(301, 125)
(246, 143)
(246, 156)
(247, 168)
(247, 181)
(237, 192)
(243, 194)
(249, 196)
(256, 193)
(262, 190)
(205, 152)
(212, 146)
(221, 146)
(229, 151)
(221, 154)
(212, 155)
(266, 148)
(273, 141)
(282, 140)
(288, 144)
(283, 148)
(274, 149)
(229, 219)
(238, 213)
(246, 209)
(252, 210)
(259, 208)
(269, 210)
(280, 214)
(271, 224)
(262, 229)
(254, 230)
(247, 230)
(239, 227)
(233, 219)
(246, 216)
(253, 216)
(260, 214)
(275, 215)
(261, 220)
(253, 221)
(247, 221)
