(182, 156)
(184, 174)
(189, 191)
(195, 208)
(199, 224)
(208, 240)
(221, 253)
(239, 261)
(260, 263)
(279, 258)
(295, 247)
(306, 234)
(312, 217)
(315, 199)
(317, 181)
(320, 162)
(319, 143)
(191, 135)
(197, 126)
(208, 123)
(220, 123)
(230, 128)
(255, 124)
(266, 118)
(279, 115)
(292, 117)
(301, 125)
(245, 144)
(246, 156)
(246, 169)
(247, 181)
(237, 192)
(243, 195)
(249, 196)
(256, 193)
(262, 190)
(205, 153)
(211, 147)
(220, 146)
(228, 152)
(220, 155)
(212, 155)
(265, 148)
(273, 141)
(281, 140)
(288, 144)
(283, 148)
(274, 149)
(229, 219)
(238, 213)
(246, 209)
(252, 211)
(259, 208)
(269, 210)
(280, 214)
(271, 224)
(262, 229)
(254, 230)
(247, 230)
(239, 228)
(233, 220)
(246, 216)
(253, 216)
(259, 215)
(275, 215)
(260, 220)
(253, 221)
(247, 221)
