(182, 157)
(185, 174)
(190, 191)
(195, 208)
(199, 225)
(208, 240)
(221, 253)
(239, 261)
(260, 263)
(279, 258)
(295, 247)
(306, 234)
(312, 216)
(314, 198)
(317, 181)
(320, 162)
(319, 143)
(192, 136)
(198, 127)
(208, 123)
(219, 124)
(229, 129)
(255, 125)
(266, 118)
(279, 116)
(292, 118)
(301, 126)
(245, 144)
(246, 157)
(246, 169)
(247, 182)
(237, 192)
(242, 195)
(249, 196)
(256, 194)
(262, 190)
(205, 153)
(211, 147)
(220, 147)
(229, 152)
(221, 155)
(212, 156)
(266, 149)
(273, 142)
(281, 141)
(289, 145)
(283, 149)
(274, 150)
(229, 220)
(238, 213)
(246, 210)
(252, 211)
(258, 209)
(268, 210)
(279, 215)
(270, 224)
(261, 228)
(254, 230)
(247, 229)
(239, 227)
(233, 220)
(246, 216)
(252, 216)
(259, 215)
(275, 215)
(260, 220)
(253, 221)
(247, 221)
