(182, 156)
(184, 174)
(189, 191)
(195, 208)
(200, 225)
(208, 241)
(222, 253)
(240, 262)
(260, 264)
(279, 258)
(295, 248)
(306, 234)
(311, 217)
(314, 199)
(317, 181)
(319, 163)
(319, 143)
(191, 137)
(197, 127)
(208, 123)
(220, 124)
(230, 129)
(255, 125)
(266, 119)
(279, 116)
(292, 119)
(301, 127)
(246, 145)
(246, 157)
(246, 169)
(247, 182)
(237, 193)
(243, 195)
(249, 197)
(256, 194)
(262, 191)
(205, 153)
(211, 147)
(220, 147)
(229, 152)
(221, 155)
(212, 156)
(266, 149)
(273, 142)
(282, 141)
(289, 145)
(283, 149)
(274, 150)
(230, 220)
(238, 213)
(246, 210)
(252, 211)
(259, 209)
(269, 211)
(280, 215)
(271, 224)
(262, 229)
(254, 230)
(248, 230)
(239, 227)
(234, 220)
(247, 216)
(253, 216)
(260, 215)
(275, 215)
(260, 220)
(253, 221)
(247, 221)
