(182, 158)
(184, 175)
(189, 192)
(194, 209)
(199, 225)
(208, 241)
(221, 253)
(239, 262)
(259, 264)
(278, 258)
(294, 248)
(305, 235)
(311, 218)
(314, 200)
(317, 182)
(320, 164)
(319, 145)
(191, 136)
(198, 127)
(208, 123)
(219, 124)
(229, 129)
(255, 125)
(266, 118)
(279, 116)
(292, 118)
(301, 126)
(245, 145)
(246, 157)
(246, 169)
(247, 182)
(237, 193)
(243, 196)
(249, 197)
(256, 194)
(262, 191)
(205, 153)
(211, 147)
(220, 147)
(228, 152)
(220, 155)
(212, 156)
(266, 149)
(273, 142)
(282, 141)
(289, 145)
(283, 149)
(274, 150)
(230, 221)
(238, 213)
(246, 210)
(252, 211)
(258, 209)
(268, 211)
(279, 215)
(270, 224)
(261, 228)
(254, 230)
(247, 230)
(239, 227)
(234, 220)
(246, 217)
(253, 216)
(259, 215)
(275, 215)
(260, 220)
(253, 221)
(247, 221)
