(182, 157)
(184, 175)
(190, 192)
(195, 209)
(200, 225)
(208, 240)
(221, 253)
(239, 261)
(259, 263)
(278, 258)
(294, 248)
(305, 235)
(311, 218)
(313, 200)
(316, 182)
(319, 164)
(319, 145)
(191, 137)
(198, 128)
(208, 124)
(219, 124)
(229, 129)
(255, 125)
(266, 119)
(279, 116)
(292, 118)
(301, 126)
(245, 145)
(246, 157)
(246, 170)
(247, 183)
(237, 193)
(243, 196)
(249, 197)
(256, 194)
(262, 191)
(205, 153)
(211, 147)
(220, 146)
(228, 152)
(220, 155)
(212, 156)
(266, 149)
(273, 141)
(281, 140)
(288, 144)
(283, 149)
(274, 150)
(229, 221)
(238, 214)
(246, 210)
(252, 211)
(258, 209)
(268, 211)
(279, 215)
(270, 224)
(261, 228)
(254, 230)
(247, 229)
(239, 227)
(233, 220)
(246, 217)
(252, 217)
(259, 215)
(275, 216)
(260, 220)
(253, 221)
(246, 221)
