(182, 157)
(184, 175)
(190, 191)
(195, 208)
(199, 225)
(208, 240)
(221, 253)
(239, 261)
(260, 263)
(279, 258)
(295, 247)
(306, 234)
(311, 217)
(314, 198)
(316, 181)
(319, 163)
(318, 144)
(191, 137)
(197, 128)
(208, 124)
(219, 125)
(229, 129)
(255, 125)
(266, 119)
(279, 116)
(292, 119)
(301, 127)
(245, 145)
(245, 157)
(246, 169)
(246, 182)
(237, 193)
(242, 196)
(249, 197)
(256, 194)
(262, 191)
(205, 153)
(211, 147)
(220, 146)
(228, 152)
(220, 155)
(211, 156)
(266, 149)
(273, 141)
(281, 140)
(288, 144)
(283, 149)
(274, 149)
(229, 221)
(238, 214)
(246, 210)
(252, 211)
(258, 209)
(268, 211)
(279, 215)
(270, 224)
(261, 228)
(254, 230)
(247, 230)
(239, 227)
(234, 221)
(246, 217)
(253, 217)
(259, 215)
(275, 216)
(260, 220)
(253, 221)
(247, 221)
