(182, 158)
(185, 176)
(190, 193)
(195, 209)
(199, 226)
(208, 241)
(221, 253)
(239, 261)
(259, 263)
(279, 258)
(294, 247)
(305, 234)
(311, 217)
(313, 199)
(316, 181)
(319, 163)
(319, 144)
(191, 137)
(197, 128)
(208, 124)
(219, 125)
(229, 129)
(255, 125)
(266, 119)
(279, 116)
(292, 118)
(301, 126)
(245, 144)
(246, 157)
(246, 169)
(247, 181)
(237, 193)
(242, 195)
(249, 196)
(256, 194)
(262, 191)
(205, 153)
(211, 146)
(220, 146)
(228, 152)
(220, 154)
(211, 155)
(265, 148)
(273, 141)
(281, 139)
(288, 144)
(283, 148)
(274, 149)
(230, 221)
(238, 213)
(246, 209)
(252, 211)
(258, 209)
(268, 211)
(279, 215)
(270, 224)
(261, 228)
(254, 229)
(247, 229)
(239, 227)
(234, 220)
(246, 216)
(253, 216)
(259, 215)
(275, 215)
(260, 220)
(253, 221)
(247, 221)
