(182, 158)
(185, 176)
(190, 192)
(195, 209)
(200, 225)
(208, 240)
(221, 253)
(239, 261)
(259, 262)
(279, 258)
(294, 247)
(305, 234)
(311, 217)
(313, 199)
(316, 181)
(318, 163)
(318, 144)
(191, 137)
(197, 128)
(208, 124)
(219, 124)
(229, 129)
(253, 124)
(265, 118)
(278, 116)
(291, 119)
(301, 127)
(245, 144)
(245, 156)
(246, 169)
(246, 182)
(237, 192)
(243, 195)
(249, 196)
(256, 193)
(262, 190)
(205, 152)
(211, 146)
(220, 145)
(228, 151)
(220, 154)
(211, 155)
(265, 148)
(273, 140)
(281, 139)
(288, 144)
(283, 148)
(274, 149)
(230, 221)
(238, 213)
(246, 210)
(252, 211)
(258, 209)
(268, 210)
(279, 214)
(270, 223)
(261, 228)
(254, 229)
(247, 229)
(239, 227)
(234, 220)
(246, 216)
(252, 216)
(259, 215)
(275, 215)
(260, 220)
(253, 221)
(246, 221)
